0	0	1.87469972832732E-31
0.112	0.0193951617287668	0.0193952059727129
0.224	0.038760939721308	0.0387620513705097
0.336	0.0580671903821771	0.0580731826077315
0.448	0.07728310978885	0.0773023994130353
0.56	0.0963773896835642	0.0964247421419594
0.672	0.115318384355505	0.115416564332296
0.784	0.134074286893037	0.134255590680584
0.896	0.152613313032114	0.15292096083605
1.008	0.170903890598409	0.171393259588163
1.12	0.188914852405286	0.189654534134536
1.232	0.206615630298155	0.20768829926941
1.344	0.223976447947851	0.225479531405622
1.456	0.2409685099534	0.243014652413231
1.568	0.257564184835143	0.260281504289716
1.68	0.273737179495759	0.277269315734209
1.792	0.289462702926664	0.293968661636982
1.904	0.304717617004073	0.310371416544384
2.016	0.319480572484772	0.32647070308379
2.128	0.333732128538469	0.342260836302517
2.24	0.34745485442365	0.357737264831534
2.352	0.360633412256503	0.372896509696502
2.464	0.3732546200728	0.387736101584542
2.576	0.385307494843287	0.40225451722417
2.688	0.396783275299063	0.416451115559891
2.8	0.40767542486647	0.430326074247081
2.912	0.417979615244255	0.44388032698298
3.024	0.427693691507173	0.457115502087027
3.136	0.436817619824014	0.470033862692318
3.248	0.445353419124964	0.482638248856603
3.36	0.453305078272984	0.494932021816367
3.472	0.460678460345233	0.5069190106022
3.584	0.467481195858248	0.518603461126622
3.696	0.473722566696196	0.529989987879963
3.808	0.479413382653009	0.541083528263037
3.92	0.484565852379864	0.551889299613444
4.032	0.489193450531295	0.562412758908865
4.144	0.49331078282622	0.572659565131517
4.256	0.496933450620561	0.58263554424317
4.368	0.500077916455726	0.592346656710399
4.48	0.502761371951101	0.601798967499175
4.592	0.505001609197497	0.610998618458322
4.704	0.506816896723222	0.619951802977766
4.816	0.508225860876762	0.62866474283814
4.928	0.509247373372772	0.637143667124936
5.04	0.509900445560223	0.645394793108644
5.152	0.510204129837605	0.653424308971998
5.264	0.510177428521597	0.661238358276051
5.376	0.509839210319405	0.668843026051483
5.488	0.509208134471717	0.676244326412112
5.6	0.508302582522396	0.683448191580603
5.712	0.507140597578882	0.690460462227374
5.824	0.505739830866728	0.697286879025401
5.936	0.504117495310868	0.703933075327646
6.048	0.502290325820687	0.71040457087972
6.16	0.500274545939835	0.716706766483246
6.272	0.498085840464169	0.722844939531966
6.384	0.495739333631077	0.728824240346883
6.496	0.493249572469081	0.734649689242319
6.608	0.490630514885562	0.740326174257365
6.72	0.48789552207472	0.745858449494728
6.832	0.485057354850129	0.751251134009105
6.944	0.48212817347891	0.75650871119963
7.056	0.479119540668843	0.761635528651394
7.168	0.476042427309299	0.766635798391213
7.28	0.472907220649472	0.771513597512259
7.392	0.469723734566945	0.776272869132686
7.504	0.466501221637754	0.780917423659648
7.616	0.46324838672639	0.785450940318405
7.728	0.45997340183481	0.789876968929879
7.84	0.45668392196744	0.794198931905936
7.952	0.453387101824922	0.798420126436021
8.064	0.45008961309051	0.802543726853953
8.176	0.446797662180639	0.806572787153727
8.288	0.443517008269869	0.810510243647647
8.4	0.440252981475098	0.814358917741126
8.512	0.437010501065723	0.818121518816302
8.624	0.433794093602974	0.821800647206145
8.736	0.430607910910666	0.82539879724825
8.848	0.427455747804587	0.828918360405244
8.96	0.424341059515518	0.832361628439813
9.072	0.421266978740015	0.835730796636944
9.184	0.418236332286363	0.839027967058035
9.296	0.415251657274377	0.842255151820733
9.408	0.412315216854307	0.845414276394308
9.52	0.409429015430853	0.84850718290155
9.632	0.406594813371649	0.851535633417915
9.744	0.403814141186179	0.85450131326085
9.856	0.4010883131859	0.857405834258351
9.968	0.398418440593141	0.860250737994665
10.08	0.39580544413359	0.86303749901794
10.192	0.39325006609225	0.865767528009319
10.304	0.39075288185306	0.868442174902388
10.416	0.388314310927262	0.871062731947908
10.528	0.385934627476108	0.87363043671797
10.64	0.383613970353226	0.876146475041031
10.752	0.381352352664405	0.878611983866092
10.864	0.379149670870875	0.881028054047257
10.976	0.377005713442929	0.883395733045759
11.088	0.374920169085519	0.885716027544642
11.2	0.372892634544014	0.887989905972032
11.312	0.370922622013322	0.890218300929623
11.424	0.369009566159416	0.892402111523704
11.536	0.367152830771732	0.894542205596235
11.648	0.365351715061875	0.896639421853254
11.76	0.363605459622105	0.89869457189053
11.872	0.36191325205883	0.900708442114594
11.984	0.360274232314451	0.902681795559283
12.096	0.35868749769352	0.904615373597162
12.208	0.357152107604118	0.906509897547811
12.32	0.355667088027488	0.9083660701821
12.432	0.354231435730473	0.910184577125893
12.544	0.352844122229947	0.91196608816336
12.656	0.351504097523346	0.913711258443203
12.768	0.350210293592953	0.915420729590436
12.88	0.348961627697192	0.917095130725894
12.992	0.347757005458526	0.918735079397275
13.104	0.346595323755496	0.920341182425083
13.216	0.345475473431426	0.921914036667104
13.328	0.344396341824911	0.923454229704863
13.44	0.343356815131984	0.924962340457112
13.552	0.342355780611205	0.92643893972268
13.664	0.34139212863045	0.927884590659154
13.776	0.340464754573511	0.929299849199019
13.888	0.339572560604727	0.930685264409349
14	0.338714457302502	0.932041378798752
14.112	0.33788936516737	0.933368728575018
14.224	0.337096216009627	0.934667843858084
14.336	0.336333954222653	0.9359392488526
14.448	0.335601537948774	0.937183461982917
14.56	0.334897940138263	0.938400995995366
14.672	0.334222149515191	0.939592358030273
14.784	0.33357317144448	0.940758049667907
14.896	0.332950028713629	0.94189856695148
15.008	0.332351762225719	0.943014400389852
15.12	0.331777431616211	0.944106034943238
15.232	0.331226115791448	0.945173949994304
15.344	0.330696913392653	0.946218619307657
15.456	0.330188943196377	0.94724051097919
15.568	0.329701344443451	0.948240087378604
15.68	0.329233277112412	0.94921780508574
15.792	0.328783922130457	0.950174114823852
15.904	0.328352481531834	0.951109461390552
16.016	0.327938178563463	0.95202428358782
16.128	0.32754025774227	0.952919014153074
16.24	0.327157984866818	0.953794079692083
16.352	0.326790646985965	0.954649900614375
16.464	0.326437552327062	0.955486891072639
16.576	0.326098030186712	0.956305458906477
16.688	0.32577143078779	0.957106005591159
16.8	0.325457125102618	0.957888926191961
16.912	0.325154504645361	0.958654609324733
17.024	0.324862981239923	0.959403437122535
17.136	0.324581986758349	0.960135785208863
17.248	0.324310972838843	0.960852022677654
17.36	0.324049410580812	0.961552512080187
17.472	0.323796790221343	0.962237609418606
17.584	0.323552620793721	0.962907664146441
17.696	0.323316429771409	0.963563019175683
17.808	0.323087762695818	0.964204010890632
17.92	0.322866182795467	0.964830969168053
18.032	0.32265127059076	0.965444217403636
18.144	0.322442623492869	0.966044072544521
18.256	0.322239855392777	0.966630845127535
18.368	0.322042596245254	0.967204839322986
18.48	0.321850491648763	0.967766352983703
18.592	0.321663202418588	0.968315677699122
18.704	0.321480404161751	0.968853098853836
18.816	0.321301786847216	0.969378895690807
18.928	0.321127054376922	0.969893341378439
19.04	0.320955924158528	0.970396703081413
19.152	0.320788126677718	0.970889242035039
19.264	0.320623405074614	0.97137121362295
19.376	0.320461514722496	0.971842867457329
19.488	0.320302222811469	0.972304447462021
19.6	0.320145307934836	0.972756191957816
19.712	0.319990559683864	0.973198333749874
19.824	0.319837778244959	0.973631100216833
19.936	0.319686774005376	0.974054713401557
20.048	0.31953736716602	0.974469390103116
20.16	0.319389387359076	0.974875341969903
20.272	0.319242673276568	0.975272775593507
20.384	0.319097072304263	0.975661892603421
20.496	0.318952440164634	0.976042889761914
20.608	0.318808640568914	0.976415959059487
20.72	0.31866554487763	0.976781287810191
20.832	0.318523031768485	0.977139058746994
20.944	0.31838098691623	0.977489450116972
21.056	0.318239302678876	0.977832635775893
21.168	0.318097877793904	0.978168785282717
21.28	0.317956617084894	0.978498063993114
21.392	0.317815431175885	0.97882063315243
21.504	0.317674236215624	0.979136649987876
21.616	0.317532953611083	0.979446267799692
21.728	0.317391509770071	0.979749636051309
21.84	0.317249835852275	0.980046900458565
21.952	0.317107867530793	0.980338203077632
22.064	0.316965544760905	0.98062368239179
22.176	0.316822811558787	0.980903473396941
22.288	0.31667961578791	0.981177707685807
22.4	0.316535908954829	0.981446513530814
22.512	0.316391646012479	0.981710015965435
22.624	0.316246785172185	0.981968336864346
22.736	0.316101287723083	0.982221595021966
22.848	0.315955117860175	0.982469906229534
22.96	0.31580824251866	0.982713383350816
23.072	0.315660631216467	0.982952136396219
23.184	0.315512255904525	0.983186272595424
23.296	0.315363090822397	0.983415896468535
23.408	0.315213112362062	0.983641109895689
23.52	0.315062298937402	0.983862012185165
23.632	0.314910630860712	0.98407870014003
23.744	0.314758090224767	0.984291268123228
23.856	0.314604660790562	0.984499808121221
23.968	0.314450327881962	0.984704409806167
24.08	0.314295078283831	0.984905160596595
24.192	0.314138900147881	0.985102145716619
24.304	0.313981782901377	0.985295448253855
24.416	0.313823717161776	0.985485149215748
24.528	0.313664694656209	0.985671327584628
24.64	0.313504708144864	0.985854060371358
24.752	0.313343751348812	0.986033422667643
24.864	0.313181818881982	0.986209487696937
24.976	0.313018906187349	0.986382326864221
25.088	0.312855009476106	0.986552009804288
25.2	0.312690125671336	0.986718604428929
25.312	0.312524252354067	0.986882176972819
25.424	0.312357387713686	0.987042792038165
25.536	0.312189530500253	0.987200512638301
25.648	0.312020679980592	0.987355400239932
25.76	0.311850835897007	0.987507514804452
25.872	0.311679998428026	0.987656914827945
25.984	0.311508168152358	0.987803657380309
26.096	0.311335346015302	0.987947798143152
26.208	0.311161533296453	0.988089391446753
26.32	0.310986731580525	0.988228490306023
26.432	0.310810942729605	0.988365146455384
26.544	0.310634168857495	0.988499410382801
26.656	0.310456412305479	0.988631331362801
26.768	0.310277675620902	0.988760957488663
26.88	0.31009796153578	0.988888335703586
26.992	0.309917272947666	0.989013511831151
27.104	0.309735612902211	0.989136530604835
27.216	0.309552984576661	0.989257435696699
27.328	0.309369391264254	0.989376269745385
27.44	0.309184836360761	0.989493074383192
27.552	0.308999323350642	0.989607890262507
27.664	0.308812855796065	0.98972075708143
27.776	0.308625437325249	0.989831713608759
27.888	0.308437071622475	0.989940797708178
28	0.308247762418742	0.990048046361864
28.112	0.308057513483531	0.990153495693403
28.224	0.307866328616453	0.990257180989994
28.336	0.307674211640731	0.9903591367242
28.448	0.307481166396307	0.990459396574912
28.56	0.30728719673407	0.990557993447826
28.672	0.307092306510332	0.990654959495376
28.784	0.306896499582237	0.990750326135989
28.896	0.306699779803116	0.99084412407299
29.008	0.306502151018474	0.990936383312756
29.12	0.306303617062784	0.991027133182588
29.232	0.306104181755828	0.991116402347921
29.344	0.305903848900036	0.991204218829142
29.456	0.305702622278089	0.991290610017929
29.568	0.305500505650395	0.991375602693131
29.68	0.30529750275344	0.991459223036177
29.792	0.305093617297698	0.991541496646143
29.904	0.304888852966231	0.991622448554302
30.016	0.304683213413817	0.99170210323839
30.128	0.304476702264916	0.991780484636353
30.24	0.304269323113876	0.991857616159819
30.352	0.304061079523154	0.991933520707149
30.464	0.30385197502323	0.992008220676165
30.576	0.303642013112227	0.992081737976481
30.688	0.303431197254975	0.992154094041574
30.8	0.303219530883364	0.992225309840442
30.912	0.303007017395744	0.992295405889022
31.024	0.302793660157142	0.992364402261234
31.136	0.302579462499067	0.992432318599795
31.248	0.302364427719579	0.992499174126672
31.36	0.302148559083746	0.992564987653317
31.472	0.301931859823426	0.992629777590556
31.584	0.301714333137897	0.992693561958306
31.696	0.301495982193941	0.992756358394963
31.808	0.301276810126123	0.992818184166529
31.92	0.301056820037526	0.992879056175578
32.032	0.300836014999647	0.992938990969881
32.144	0.30061439805331	0.992998004750897
32.256	0.300391972209062	0.993056113381971
32.368	0.300168740447245	0.993113332396353
32.48	0.299944705718956	0.993169677004992
32.592	0.299719870946419	0.993225162104121
32.704	0.299494239023445	0.993279802282658
32.816	0.299267812816023	0.993333611829421
32.928	0.299040595162913	0.993386604740109
33.04	0.298812588876091	0.993438794724168
33.152	0.298583796741338	0.99349019521141
33.264	0.298354221518953	0.993540819358526
33.376	0.298123865943995	0.993590680055391
33.488	0.29789273272705	0.993639789931202
33.6	0.297660824554956	0.993688161360491
33.712	0.297428144090836	0.993735806468959
33.824	0.297194693975172	0.99378273713916
33.936	0.296960476826125	0.993828965016065
34.048	0.296725495239952	0.993874501512439
34.16	0.296489751791812	0.993919357814152
34.272	0.296253249036106	0.993963544885266
34.384	0.296015989507009	0.994007073473076
34.496	0.295777975719044	0.994049954112979
34.608	0.295539210167535	0.994092197133216
34.72	0.295299695329223	0.994133812659535
34.832	0.295059433662511	0.994174810619688
34.944	0.294818427608156	0.994215200747873
35.056	0.294576679589762	0.994254992588985
35.168	0.294334192014049	0.994294195502856
35.28	0.29409096727151	0.994332818668322
35.392	0.293847007736665	0.994370871087194
35.504	0.293602315768743	0.994408361588197
35.616	0.293356893711849	0.994445298830708
35.728	0.293110743895642	0.994481691308496
35.84	0.292863868635502	0.994517547353319
35.952	0.292616270233135	0.994552875138449
36.064	0.292367950976867	0.994587682682095
36.176	0.292118913142084	0.994621977850785
36.288	0.29186915899145	0.994655768362609
36.4	0.291618690775643	0.994689061790445
36.512	0.29136751073333	0.994721865565034
36.624	0.291115621091682	0.994754186978056
36.736	0.290863024066837	0.994786033185097
36.848	0.290609721863991	0.994817411208518
36.96	0.290355716677993	0.994848327940309
37.072	0.290101010693477	0.994878790144848
37.184	0.289845606085314	0.994908804461587
37.296	0.289589505018722	0.994938377407701
37.408	0.289332709649911	0.994967515380632
37.52	0.289075222126083	0.994996224660626
37.632	0.288817044585771	0.995024511413155
37.744	0.288558179159309	0.995052381691344
37.856	0.288298627968886	0.995079841438284
37.968	0.288038393128941	0.995106896489306
38.08	0.287777476746411	0.995133552574242
38.192	0.287515880920913	0.995159815319578
38.304	0.287253607745141	0.995185690250583
38.416	0.286990659305074	0.995211182793402
38.528	0.28672703768003	0.995236298277079
38.64	0.286462744943237	0.995261041935519
38.752	0.286197783161831	0.995285418909472
38.864	0.285932154397038	0.995309434248377
38.976	0.28566586070465	0.995333092912242
39.088	0.285398904134933	0.995356399773455
39.2	0.285131286733155	0.995379359618534
39.312	0.284863010539538	0.995401977149867
39.424	0.28459407758949	0.99542425698739
39.536	0.284324489914065	0.995446203670245
39.648	0.284054249539759	0.9954678216584
39.76	0.283783358489044	0.995489115334204
39.872	0.283511818780254	0.995510089003948
39.984	0.283239632428092	0.995530746899371
40.096	0.282966801443538	0.995551093179123
40.208	0.282693327834115	0.995571131930208
40.32	0.282419213604069	0.995590867169405
40.432	0.282144460754505	0.995610302844635
40.544	0.281869071283648	0.995629442836309
40.656	0.281593047186821	0.995648290958655
40.768	0.281316390456765	0.995666850960986
40.88	0.281039103083698	0.995685126528991
40.992	0.280761187055437	0.995703121285934
41.104	0.28048264435769	0.995720838793892
41.216	0.280203476974012	0.995738282554922
41.328	0.279923686886056	0.995755456012199
41.44	0.279643276073728	0.995772362551177
41.552	0.279362246515178	0.995789005500668
41.664	0.279080600187047	0.995805388133937
41.776	0.278798339064674	0.995821513669761
41.888	0.278515465121912	0.995837385273449
42	0.278231980331588	0.995853006057873
42.112	0.277947886665436	0.995868379084453
42.224	0.27766318609429	0.995883507364124
42.336	0.277377880588052	0.99589839385829
42.448	0.277091972116027	0.995913041479752
42.56	0.276805462646854	0.995927453093628
42.672	0.276518354148656	0.995941631518218
42.784	0.276230648589234	0.995955579525907
42.896	0.275942347935948	0.995969299844002
43.008	0.275653454156053	0.995982795155565
43.12	0.275363969216673	0.995996068100252
43.232	0.275073895084965	0.996009121275088
43.344	0.274783233728009	0.996021957235268
43.456	0.2744919871132	0.99603457849492
43.568	0.274200157208129	0.996046987527865
43.68	0.273907745980749	0.996059186768351
43.792	0.27361475539938	0.996071178611764
43.904	0.273321187432855	0.996082965415348
44.016	0.273027044050625	0.996094549498897
44.128	0.272732327222789	0.996105933145432
44.24	0.272437038920097	0.996117118601855
44.352	0.272141181114257	0.99612810807962
44.464	0.271844755777688	0.996138903755356
44.576	0.271547764883885	0.996149507771496
44.688	0.271250210407346	0.996159922236892
44.8	0.270952094323586	0.996170149227409
44.912	0.270653418609268	0.99618019078652
45.024	0.270354185242401	0.996190048925884
45.136	0.270054396202115	0.9961997256259
45.248	0.269754053468961	0.996209222836262
45.36	0.269453159024892	0.996218542476516
45.472	0.269151714853331	0.996227686436577
45.584	0.268849722939135	0.996236656577252
45.696	0.268547185268804	0.996245454730758
45.808	0.268244103830432	0.996254082701207
45.92	0.267940480613823	0.996262542265128
46.032	0.267636317610451	0.996270835171905
46.144	0.267331616813627	0.996278963144282
46.256	0.26702638021849	0.996286927878823
46.368	0.266720609821961	0.996294731046337
46.48	0.266414307623051	0.996302374292365
46.592	0.266107475622549	0.996309859237575
46.704	0.265800115823425	0.996317187478225
46.816	0.265492230230572	0.996324360586552
46.928	0.265183820851083	0.996331380111206
47.04	0.264874889694086	0.996338247577639
47.152	0.264565438770986	0.99634496448851
47.264	0.264255470095397	0.996351532324068
47.376	0.263944985683072	0.996357952542528
47.488	0.26363398755221	0.996364226580457
47.6	0.26332247772323	0.996370355853125
47.712	0.26301045821898	0.996376341754881
47.824	0.262697931064631	0.996382185659487
47.936	0.262384898287865	0.996387888920481
48.048	0.262071361918808	0.996393452871506
48.16	0.261757323989978	0.996398878826638
48.272	0.261442786536548	0.996404168080732
48.384	0.261127751596149	0.996409321909719
48.496	0.26081222120908	0.99641434157094
48.608	0.260496197418168	0.996419228303442
48.72	0.260179682268906	0.996423983328287
48.832	0.259862677809451	0.996428607848848
48.944	0.25954518609063	0.996433103051098
49.056	0.259227209165966	0.9964374701039
49.168	0.258908749091779	0.99644171015929
49.28	0.258589807927064	0.996445824352742
49.392	0.258270387733661	0.996449813803456
49.504	0.257950490576148	0.996453679614609
49.616	0.257630118521954	0.99645742287362
49.728	0.25730927364132	0.996461044652411
49.84	0.256987958007403	0.99646454600766
49.952	0.256666173696166	0.996467927981032
50.064	0.256343922786541	0.996471191599445
50.176	0.256021207360256	0.996474337875288
50.288	0.255698029502094	0.996477367806669
50.4	0.255374391299663	0.996480282377635
50.512	0.255050294843623	0.996483082558405
50.624	0.254725742227544	0.996485769305586
50.736	0.254400735547983	0.996488343562395
50.848	0.254075276904528	0.996490806258866
50.96	0.253749368399767	0.996493158312072
51.072	0.253423012139288	0.996495400626317
51.184	0.253096210231695	0.996497534093347
51.296	0.252768964788685	0.99649955959255
51.408	0.252441277924962	0.996501477991145
51.52	0.252113151758346	0.996503290144383
51.632	0.251784588409651	0.996504996895725
51.744	0.251455590002838	0.996506599077036
51.856	0.251126158664906	0.996508097508762
51.968	0.250796296526008	0.996509493000113
52.08	0.250466005719298	0.996510786349236
52.192	0.250135288381146	0.996511978343388
52.304	0.249804146650926	0.996513069759109
52.416	0.249472582671242	0.996514061362385
52.528	0.249140598587714	0.99651495390881
52.64	0.248808196549151	0.996515748143755
52.752	0.248475378707463	0.996516444802522
52.864	0.248142147217716	0.996517044610498
52.976	0.247808504238057	0.996517548283307
53.088	0.247474451929829	0.996517956526971
53.2	0.247139992457477	0.996518270038044
53.312	0.246805127988603	0.996518489503766
53.424	0.246469860693945	0.996518615602204
53.536	0.246134192747357	0.99651864900239
53.648	0.245798126325812	0.996518590364462
53.76	0.24546166360951	0.996518440339799
53.872	0.245124806781699	0.996518199571157
53.984	0.244787558028826	0.996517868692796
54.096	0.244449919540416	0.996517448330611
54.208	0.244111893509136	0.99651693910226
54.32	0.243773482130792	0.996516341617287
54.432	0.243434687604336	0.996515656477248
54.544	0.24309551213178	0.996514884275825
54.656	0.242755957918332	0.996514025598958
54.768	0.242416027172215	0.996513081024943
54.88	0.242075722104865	0.996512051124567
54.992	0.241735044930713	0.996510936461203
55.104	0.241393997867355	0.996509737590935
55.216	0.241052583135444	0.996508455062658
55.328	0.240710802958735	0.996507089418194
55.44	0.24036865956404	0.99650564119239
55.552	0.240026155181271	0.996504110913227
55.664	0.239683292043334	0.996502499101917
55.776	0.239340072386268	0.996500806273016
55.888	0.238996498449078	0.996499032934507
56	0.238652572473876	0.996497179587908
