0	1	1	0	1	1
0.112	0.980795610442778	0.980791588652974	0.112	0.894138429732834	0.894127701498243
0.224	0.961994868413154	0.961962569549059	0.224	0.799897402671154	0.799810139138268
0.336	0.943616376408649	0.943507264470737	0.336	0.716307538178538	0.71600846403714
0.448	0.925678666646509	0.925419996751238	0.448	0.642432035581928	0.641712927731441
0.56	0.90820017574728	0.907695094237304	0.56	0.577380574686312	0.575957174267974
0.672	0.891199219651276	0.890326892238297	0.672	0.520320687845025	0.51782976994672
0.784	0.874693968748697	0.873309736450559	0.784	0.470486243881422	0.466482601240475
0.896	0.858702423249291	0.856637985849252	0.896	0.42718297274291	0.421136095866312
1.008	0.843242388854277	0.840306015544745	1.008	0.389791207595327	0.381081494294505
1.12	0.828331452722856	0.824308219603912	1.12	0.357766199922825	0.345680589616978
1.232	0.813986959765787	0.808639013815631	1.232	0.330636465288045	0.314363455137086
1.344	0.800225989313605	0.793292838412223	1.344	0.308000648976387	0.286624701639162
1.456	0.787065332172566	0.778264160729135	1.456	0.289523377886109	0.262018770195824
1.568	0.774521468073163	0.763547477806732	1.568	0.27493050729758	0.240154694318404
1.68	0.762610543605109	0.74913731892422	1.68	0.264004095595678	0.220690677471859
1.792	0.751348350583492	0.735028248062977	1.792	0.25657736158101	0.203328743440166
1.904	0.740750304948401	0.721214866298822	1.904	0.252529805882744	0.187809637238211
2.016	0.730831426189151	0.707691814112541	2.016	0.251782615474085	0.17390808787908
2.128	0.721606317330314	0.694453773623981	2.128	0.254294420857694	0.161428492538179
2.24	0.713089145521361	0.681495470738342	2.24	0.260057437559492	0.15020104362129
2.352	0.705293623226983	0.668811677209294	2.352	0.269093996966167	0.140078293912806
2.464	0.69823299012994	0.656397212609851	2.464	0.281453453486652	0.130932137998909
2.576	0.691919995663118	0.644246946214369	2.576	0.297209443916861	0.122651178246485
2.688	0.686366882313707	0.632355798788924	2.688	0.316457468741201	0.115138438796747
2.8	0.681585369653052	0.620718744284343	2.8	0.339312762792149	0.108309389686641
2.912	0.677586639181666	0.609330811437536	2.912	0.3659084222767	0.102090244135895
3.024	0.674381319968213	0.598187085274144	3.024	0.396393756962957	0.0964164943106186
3.136	0.671979475157386	0.587282708517462	3.136	0.430932838400947	0.0912316538819802
3.248	0.670390589376227	0.576612882899387	3.248	0.469703217712069	0.0864861789904076
3.36	0.669623557014683	0.566172870374746	3.36	0.51289478969729	0.0821365425456177
3.472	0.669686671506919	0.555957994240143	3.472	0.560708782381848	0.0781444399519307
3.584	0.670587615532182	0.545963640160217	3.584	0.613356854142246	0.0744761072680394
3.696	0.672333452270661	0.536185257092916	3.696	0.671060282865331	0.0711017354397976
3.808	0.674930617645877	0.526618358129121	3.808	0.734049233624483	0.0679949665700796
3.92	0.678384913639198	0.517258521235152	3.92	0.80256209355623	0.0651324602330552
4.032	0.682701502689796	0.508101389908141	4.032	0.876844864130934	0.0624935195983619
4.144	0.687884903178493	0.499142673741034	4.144	0.957150602462112	0.0600597686600807
4.256	0.693938986024747	0.490378148902552	4.256	1.04373890471535	0.0578148731595446
4.368	0.700866972436876	0.481803658530339	4.368	1.13687542556887	0.0557442989044882
4.48	0.708671432783308	0.473415113047632	4.48	1.23683142874546	0.053835102133169
4.592	0.717354286648249	0.465208490390754	4.592	1.34388336439208	0.0520757473692663
4.704	0.726916804025732	0.457179836170122	4.704	1.45831246966764	0.0504559488968004
4.816	0.737359607707773	0.44932526374783	4.816	1.58040438959002	0.0489665325583461
4.928	0.748682676834769	0.441640954251009	4.928	1.71044881563625	0.0475993150659676
5.04	0.760885351615693	0.434123156506607	5.04	1.84873913996832	0.0463469984297857
5.152	0.773966339234656	0.426768186920391	5.152	1.99557212353201	0.0452030774558854
5.264	0.787923720891028	0.419572429283617	5.264	2.15124757656978	0.0441617585627738
5.376	0.802754960011274	0.412532334526174	5.376	2.31606805034173	0.043217888416812
5.488	0.818456911585634	0.405644420405816	5.488	2.49033853910074	0.0423668911004729
5.6	0.835025832619962	0.398905271146915	5.6	2.67436619139623	0.0416047127077599
5.712	0.852457393691727	0.392311537026387	5.712	2.86846003017339	0.0409277724159008
5.824	0.870746691567996	0.385859933909688	5.824	3.07293068105254	0.0403329192141077
5.936	0.889888262863395	0.379547242741764	5.936	3.28809010836749	0.0398173935817913
6.048	0.909876098723491	0.373370308994529	6.048	3.51425135869529	0.0393787935046621
6.16	0.930703660462186	0.367326042073257	6.16	3.75172831154591	0.0390150442984418
6.272	0.952363896151189	0.361411414687158	6.272	4.00083543707233	0.0387243717815746
6.384	0.974849258102532	0.355623462182971	6.384	4.26188756066184	0.0385052783963526
6.496	0.99815172119736	0.349959281847133	6.496	4.53519963431611	0.0383565219323321
6.608	1.02226280202332	0.34441603217882	6.608	4.82108651479212	0.0382770965476473
6.72	1.04717357877574	0.338990932134383	6.72	5.11986274845259	0.038266215824497
6.832	1.07287471183716	0.333681260348677	6.832	5.43184236293026	0.0383232976272222
6.944	1.0993564650486	0.328484354332688	6.944	5.75733866548064	0.0384479505594055
7.056	1.12660872752523	0.323397609652017	7.056	6.09666404830141	0.0386399618437827
7.168	1.15462103605166	0.3184184790865	7.168	6.45012980065975	0.0388992864664076
7.28	1.18338259791706	0.313544471773928	7.28	6.81804592806973	0.0392260374489748
7.392	1.21288231419851	0.308773152343224	7.392	7.20072097850754	0.0396204771274283
7.504	1.24310880337951	0.304102140028832	7.504	7.59846187586507	0.0400830093294429
7.616	1.27405042526371	0.299529107784011	7.616	8.01157376060302	0.0406141723561351
7.728	1.30569530510962	0.295051781378349	7.728	8.44035983782873	0.0412146326838295
7.84	1.33803135796244	0.290667938493078	7.84	8.88512123279177	0.0418851793114866
7.952	1.37104631302411	0.286375407809965	7.952	9.34615685399701	0.0426267186875327
8.064	1.40472773814025	0.28217206809725	8.064	9.82376326398008	0.0434402701569298
8.176	1.43906306419194	0.278055847293815	8.176	10.3182345578119	0.0443269618761049
8.288	1.47403960944628	0.274024721592197	8.288	10.8298622494882	0.0452880271486537
8.4	1.50964460373021	0.270076714522827	8.4	11.3589351662571	0.0463248011399047
8.512	1.54586521241196	0.266209896040006	8.512	11.9057393509356	0.0474387179327372
8.624	1.58268856010022	0.262422381610456	8.624	12.4705579723452	0.0486313078908247
8.736	1.62010175403106	0.258712331307333	8.736	13.0536712439277	0.0499041952993421
8.848	1.65809190706343	0.25507794890768	8.848	13.655356350543	0.0512590962552643
8.96	1.69664616022779	0.251517480996631	8.96	14.275887383579	0.0526978167831879
9.072	1.73575170481597	0.248029216078038	9.072	14.9155352843754	0.0542222511543992
9.184	1.77539580391462	0.244611483693804	9.184	15.5745677960295	0.0558343803890023
9.296	1.81556581334606	0.241262653549469	9.296	16.2532494235659	0.0575362709229152
9.408	1.85624920200407	0.237981134651329	9.408	16.9518414025957	0.0593300734235498
9.52	1.89743357150024	0.234765374450585	9.52	17.670601676355	0.0612180217390505
9.632	1.93910667510672	0.231613857998955	9.632	18.4097848812274	0.0632024319672906
9.744	1.9812564359753	0.228525107115123	9.744	19.1696423406988	0.0652857016326678
9.856	2.02387096451862	0.225497679561424	9.856	19.9504220677935	0.0674703089592961
9.968	2.0669385750659	0.222530168231554	9.968	20.7523687758927	0.0697588122299782
10.08	2.11044780161551	0.219621200351692	10.08	21.5757238979997	0.0721538492218939
10.192	2.15438741277093	0.216769436692401	10.192	22.4207256143791	0.0746581367104855
10.304	2.19874642577874	0.21397357079316	10.304	23.2876088885101	0.0772744700330862
10.416	2.24351411967036	0.211232328199008	10.416	24.17660551137	0.0800057227057226
10.528	2.28868004752214	0.208544465710999	10.528	25.0879441539331	0.082854846085977
10.64	2.33423404775372	0.205908770649078	10.64	26.0218504278945	0.0858248690762441
10.752	2.38016625453526	0.20332406012735	10.752	26.978546954474	0.0889188978613875
10.864	2.42646710724064	0.200789180343108	10.864	27.9582534412787	0.0921401156758498
10.976	2.47312735898606	0.198303005879588	10.976	28.961186767175	0.0954917825957839
11.088	2.5201380842159	0.195864439020419	11.088	29.9875610749807	0.0989772353512961
11.2	2.56749068538763	0.193472409079064	11.2	31.0375878719968	0.102599887155375
11.312	2.61517689871406	0.19112587174065	11.312	32.1114761382404	0.10636322754585
11.424	2.66318879901041	0.188823808416857	11.424	33.2094324422555	0.110270822236652
11.536	2.71151880364264	0.186565225614107	11.536	34.3316610644165	0.114326312975811
11.648	2.76015967559126	0.184349154315549	11.648	35.4783641276626	0.118533417407665
11.76	2.80910452565328	0.182174649375435	11.76	36.6497417354164	0.122895928935755
11.872	2.85834681379995	0.180040788926623	11.872	37.8459921167427	0.127417716585763
11.984	2.90788034971635	0.177946673800675	11.984	39.0673117784716	0.132102724865168
12.096	2.95769929253586	0.175891426961697	12.096	40.3138956642649	0.136954973618659
12.208	3.00779814980249	0.173874192950986	12.208	41.5859373204085	0.141978557877271
12.32	3.05817177569846	0.17189413734632	12.32	42.8836290683192	0.147177647700677
12.432	3.10881536853947	0.169950446231358	12.432	44.2071621835063	0.152556488010716
12.544	3.15972446759734	0.168042325679404	12.544	45.5567270809215	0.15811939841564
12.656	3.2108949492523	0.166169001247379	12.656	46.9325135065568	0.163870773024362
12.768	3.26232302253712	0.164329717482379	12.768	48.3347107351603	0.169815080250431
12.88	3.3140052240846	0.162523737439937	12.88	49.7635077738795	0.175956862604712
12.992	3.36593841251523	0.160750342213564	12.992	51.2190935717489	0.182300736477229
13.104	3.41811976231384	0.159008830475671	13.104	52.7016572348832	0.188851391908247
13.216	3.4705467572048	0.157298518029186	13.216	54.2113882471754	0.195613592348057
13.328	3.52321718309142	0.155618737370963	13.328	55.748476696455	0.202592174406895
13.44	3.57612912057708	0.153968837264841	13.44	57.3131135058745	0.209792047594537
13.552	3.62928093708341	0.152348182326047	13.552	58.9054906704659	0.217218194051062
13.664	3.68267127866461	0.150756152615082	13.664	60.5258014986691	0.224875668269014
13.776	3.73629906147129	0.149192143242386	13.776	62.1742408587874	0.232769596808826
13.888	3.79016346296664	0.147655563983136	13.888	63.8510054301157	0.240905178007604
14	3.84426391288859	0.146145838900387	14	65.5562939587533	0.249287681683889
14.112	3.89860008400698	0.144662405979216	14.112	67.2903075178363	0.257922448838522
14.224	3.95317188270833	0.143204716769549	14.224	69.0532497722231	0.266814891354848
14.336	4.00797943943928	0.141772236037764	14.336	70.8453272473724	0.275970491698666
14.448	4.06302309902976	0.140364441427695	14.448	72.6667496023744	0.285394802620544
14.56	4.11830341096708	0.138980823130467	14.56	74.5177299070626	0.295093446863035
14.672	4.17382111956759	0.137620883561864	14.672	76.3984849230031	0.305072116874036
14.784	4.22957715417874	0.136284137049693	14.784	78.3092353883423	0.315336574529486
14.896	4.28557261934309	0.134970109527087	14.896	80.2502063063762	0.32589265086743
15.008	4.34180878504117	0.133678338236221	15.008	82.2216272377937	0.33674624583663
15.12	4.39828707694166	0.132408371437518	15.12	84.2237325964917	0.347903328062169
15.232	4.45500906675533	0.131159768127908	15.232	86.2567619488265	0.359369934630412
15.344	4.51197646270834	0.12993209776581	15.344	88.3209603163677	0.37115217089775
15.456	4.56919110009088	0.128724940003697	15.456	90.4165784819559	0.383256210324813
15.568	4.62665493200986	0.127537884427249	15.568	92.5438732990634	0.395688294339931
15.68	4.68437002024762	0.12637053030216	15.68	94.7031080044435	0.408454732235646
15.792	4.74233852633666	0.125222486326498	15.792	96.8945525339399	0.421561901100715
15.904	4.80056270280897	0.124093370390248	15.904	99.1184838414842	0.43501624579174
16.016	4.85904488466574	0.122982809341652	16.016	101.375186221275	0.448824278948355
16.128	4.91778748106316	0.121890438759159	16.128	103.664951633014	0.462992581054417
16.24	4.9767929672289	0.120815902729103	16.24	105.988080030309	0.477527800550317
16.352	5.03606387662799	0.119758853630152	16.352	108.344879692119	0.492436653998823
16.464	5.09560279338253	0.118718951922965	16.464	110.735667557418	0.507725926310174
16.576	5.15541234495264	0.117695865945463	16.576	113.160769562829	0.523402471027605
16.688	5.21549519507137	0.11668927171354	16.688	115.620520983528	0.539473210680108
16.8	5.27585403697149	0.115698852727577	16.8	118.115266777269	0.555945137204525
16.912	5.3364915868943	0.114724299783262	16.912	120.645361931574	0.572825312441099
17.024	5.39741057784428	0.113765310787859	17.024	123.211171814262	0.590120868707699
17.136	5.4586137536761	0.112821590581881	17.136	125.813072527209	0.607839009455144
17.248	5.52010386342682	0.111892850764675	17.248	128.451451263517	0.625987010008769
17.36	5.58188365595524	0.110978809525068	17.36	131.126706668142	0.644572218400056
17.472	5.64395587485725	0.110079191476658	17.472	133.839249201978	0.663602056291368
17.584	5.7063232536689	0.109193727497107	17.584	136.589501509676	0.683084019999934
17.696	5.76898851133953	0.10832215457213	17.696	139.377898791047	0.703025681622108
17.808	5.83195434801176	0.107464215643547	17.808	142.204889176399	0.723434690264728
17.92	5.89522344102952	0.10661965946101	17.92	145.070934105794	0.74431877338582
18.032	5.9587984412671	0.105788240438253	18.032	147.976508712315	0.765685738248273
18.144	6.02268196968121	0.10496971851276	18.144	150.922102209679	0.787543473492344
18.256	6.08687661415207	0.104163859009236	18.256	153.908218284062	0.809899950827786
18.368	6.15138492656653	0.10337043250719	18.368	156.935375490573	0.832763226852442
18.48	6.21620942013124	0.102589214710997	18.48	160.00410765433	0.856141444998531
18.592	6.28135256697502	0.101819986324564	18.592	163.114964276441	0.880042837611729
18.704	6.34681679592454	0.101062532928795	18.704	166.268510944976	0.904475728165534
18.816	6.412604490548	0.100316644861831	18.816	169.465329751295	0.929448533616197
18.928	6.47871798740815	0.0995821171035206	18.928	172.706019711691	0.954969766899019
19.04	6.54515957450506	0.0988587491620591	19.04	175.991197194799	0.981048039571952
19.152	6.61193148995438	0.0981463449643989	19.152	179.321496354812	1.00769206460781
19.264	6.67903592082779	0.097444712748416	19.264	182.697569570925	1.03491065934036
19.376	6.74647500220089	0.0967536649592395	19.376	186.120087893001	1.06271274856471
19.488	6.81425081635777	0.0960730181474565	19.488	189.589741494024	1.09110736779845
19.6	6.88236539219464	0.0954025928704453	19.6	193.107240129283	1.12010366670325
19.712	6.95082070473427	0.0947422135957045	19.712	196.673313602821	1.14971091267245
19.824	7.01961867484679	0.0940917086076122	19.824	200.288712241305	1.17993849458647
19.936	7.08876116907784	0.0934509099159929	19.936	203.954207375574	1.21079592673809
20.048	7.15824999960623	0.0928196531670749	20.048	207.670591830325	1.24229285293249
20.16	7.22808692436767	0.0921977775572695	20.16	211.438680422062	1.2744390507624
20.272	7.29827364724284	0.0915851257487199	20.272	215.259310465819	1.3072444360633
20.384	7.36881181839542	0.0909815437870871	20.384	219.133342290806	1.34071906754898
20.496	7.43970303470322	0.0903868810220091	20.496	223.061659765499	1.37487315163242
20.608	7.51094884027011	0.0898009900289642	20.608	227.045170832362	1.40971704743215
20.72	7.58255072702962	0.0892237265334938	20.72	231.08480805278	1.44526127196951
20.832	7.65451013545457	0.0886549493375476	20.832	235.181529162296	1.48151650555569
20.944	7.72682845528626	0.0880945202470824	20.944	239.336317636857	1.51849359737493
21.056	7.79950702638284	0.0875423040027122	21.056	243.550183270182	1.55620357126284
21.168	7.87254713960472	0.0869981682108092	21.168	247.824162762885	1.59465763168508
21.28	7.94595003773994	0.0864619832773426	21.28	252.159320323646	1.63386716991727
21.392	8.01971691649863	0.0859336223429814	21.392	256.556748282891	1.67384377042894
21.504	8.09384892553995	0.0854129612201193	21.504	261.017567719466	1.7145992174745
21.616	8.16834716953047	0.0848998783310895	21.616	265.542929100735	1.75614550189351
21.728	8.24321270923962	0.084394254648705	21.728	270.134012936545	1.79849482812244
21.84	8.31844656266521	0.083895973637398	21.84	274.792030447583	1.84165962142104
21.952	8.39404970615979	0.0834049211966866	21.952	279.518224248661	1.88565253531662
22.064	8.47002307559788	0.0829209856055502	22.064	284.313869047275	1.93048645926691
22.176	8.54636756753759	0.0824440574685753	22.176	289.180272358177	1.97617452654698
22.288	8.62308404040377	0.0819740296631386	22.288	294.118775234337	2.02273012236131
22.4	8.70017331566015	0.0815107972879523	22.4	299.130753014895	2.07016689218446
22.512	8.77763617900281	0.0810542576137286	22.512	304.217616090718	2.11849875033432
22.624	8.85547338152897	0.0806043100335823	22.624	309.380810687993	2.16773988877911
22.736	8.93368564092098	0.0801608560159415	22.736	314.621819670693	2.21790478618467
22.848	9.01227364260235	0.0797237990582263	22.848	319.942163362243	2.26900821720198
22.96	9.09123804090801	0.0792930446416545	22.96	325.343400387258	2.32106526200162
23.072	9.17057946022624	0.0788685001872418	23.072	330.827128533809	2.37409131605662
23.184	9.25029849611259	0.0784500750126375	23.184	336.394985637025	2.42810210017962
23.296	9.33039571642275	0.0780376802906171	23.296	342.048650484575	2.48311367081674
23.408	9.41087166239587	0.0776312290081177	23.408	347.789843744815	2.53914243060372
23.52	9.49172684973571	0.0772306359265116	23.52	353.620328918283	2.59620513918837
23.632	9.57296176965519	0.0768358175426713	23.632	359.541913313272	2.6543189243242
23.744	9.65457688991174	0.0764466920512662	23.744	365.556449046209	2.7135012932398
23.856	9.73657265582124	0.0760631793077274	23.856	371.665834067653	2.77377014428973
23.968	9.81894949122575	0.0756852007924085	23.968	377.872013214648	2.83514377889159
24.08	9.90170779947366	0.0753126795753343	24.08	384.176979290319	2.89764091375596
24.192	9.9848479643274	0.0749455402821842	24.192	390.582774171425	2.96128069341359
24.304	10.0683703508855	0.0745837090605369	24.304	397.091489944917	3.02608270304828
24.416	10.1522753064617	0.0742271135476281	24.416	403.705270074076	3.09206698163856
24.528	10.2365631614295	0.0738756828383851	24.528	410.426310595498	3.15925403541872
24.64	10.3212342300516	0.0735293474543589	24.64	417.256861347571	3.2276648516634
24.752	10.4062888112819	0.0731880393135808	24.752	424.199227231466	3.2973209128036
24.864	10.491727189539	0.0728516917012092	24.864	431.255769505733	3.36824421088312
24.976	10.5775496354402	0.0725202392402759	24.976	438.428907115386	3.44045726236202
25.088	10.6637564065331	0.0721936178638926	25.088	445.721118056474	3.51398312327502
25.2	10.7503477479764	0.0718717647878171	25.2	453.134940777369	3.58884540475533
25.312	10.8373238932169	0.0715546184835815	25.312	460.672975617732	3.66506828893152
25.424	10.9246850646154	0.0712421186524325	25.424	468.337886286226	3.74267654520611
25.536	11.0124314740732	0.0709342061996154	25.536	476.132401378359	3.82169554692835
25.648	11.100563323619	0.0706308232099529	25.648	484.0593159353	3.90215128846734
25.76	11.1890808059654	0.0703319129229664	25.76	492.121493045296	3.98407040270057
25.872	11.2779841050656	0.070037419709624	25.872	500.321865488491	4.0674801789239
25.984	11.3672733966228	0.0697472890489211	25.984	508.663437426885	4.15240858119924
26.096	11.4569488485785	0.0694614675053822	26.096	517.149286140395	4.23888426714752
26.208	11.547010621599	0.0691799027069395	26.208	525.78256381054	4.32693660720122
26.32	11.6374588695181	0.0689025433234349	26.32	534.566499353269	4.41659570433016
26.432	11.7282937397699	0.068629339045466	26.432	543.504400302033	4.50789241424985
26.544	11.8195153738015	0.0683602405640728	26.544	552.59965474304	4.60085836613131
26.656	11.911123907468	0.0680951995504154	26.656	561.855733303775	4.69552598382119
26.768	12.0031194713847	0.0678341686361594	26.768	571.276191196669	4.79192850759035
26.88	12.0955021913026	0.0675771013947536	26.88	580.864670319458	4.89010001642529
26.992	12.1882721884375	0.0673239523221807	26.992	590.62490141375	4.99007545087602
27.104	12.2814295797848	0.0670746768190654	27.104	600.560706283779	5.09189063647991
27.216	12.3749744784216	0.0668292311727603	27.216	610.676000076889	5.19558230777555
27.328	12.4689069938032	0.066587572539847	27.328	620.974793627595	5.30118813292413
27.44	12.5632272320181	0.0663496589291283	27.44	631.461195867379	5.40874673895967
27.552	12.657935296071	0.0661154491851992	27.552	642.139416301561	5.51829773767988
27.664	12.7530312860967	0.0658849029719247	27.664	653.013767555953	5.62988175220478
27.776	12.8485152996084	0.0656579807566562	27.776	664.088667994702	5.7435404442158
27.888	12.9443874317126	0.0654346437948669	27.888	675.368644411889	5.85931654190091
28	13.0406477753155	0.0652148541148766	28	686.858334798723	5.97725386862292
28.112	13.1372964213072	0.0649985745029577	28.112	698.562491188876	6.09739737233666
28.224	13.234333458763	0.0647857684891175	28.224	710.485982583891	6.21979315577276
28.336	13.3317589750959	0.0645764003326426	28.336	722.633797961531	6.34448850741732
28.448	13.4295730562322	0.064370435008529	28.448	735.011049368963	6.47153193330498
28.56	13.5277757867607	0.0641678381939129	28.56	747.622975103693	6.60097318965459
28.672	13.6263672500789	0.063968576254723	28.672	760.474942984763	6.73286331637212
28.784	13.7253475285242	0.063772616233043	28.784	773.572453716752	6.86725467144564
28.896	13.8247167035038	0.0635799258341235	28.896	786.921144349499	7.00420096626139
29.008	13.9244748556212	0.0633904734145079	29.008	800.52679183634	7.14375730186834
29.12	14.0246220647736	0.0632042279695337	29.12	814.395316693791	7.28598020622035
29.232	14.1251584102733	0.0630211591217689	29.232	828.532786765548	7.43092767242414
29.344	14.2260839709426	0.0628412371095428	29.344	842.945421094385	7.57865919802896
29.456	14.3273988252008	0.0626644327755053	29.456	857.639593904452	7.72923582538215
29.568	14.4291030511602	0.0624907175556626	29.568	872.621838698055	7.88272018309175
29.68	14.5311967267	0.0623200634686766	29.68	887.898852469599	8.03917652862209
29.792	14.6336799295518	0.0621524431051804	29.792	903.477500040942	8.1986707920653
29.904	14.7365527373725	0.061987829617737	29.904	919.364818521117	8.36127062111742
30.016	14.8398152277934	0.0618261967103487	30.016	935.568021894636	8.52704542730136
30.128	14.9434674785183	0.0616675186290298	30.128	952.094505742153	8.69606643347443
30.24	15.0475095673419	0.0615117701517305	30.24	968.951852097118	8.86840672265597
30.352	15.1519415722444	0.0613589265794421	30.352	986.14783444317	9.04414128822313
30.464	15.2567635714186	0.0612089637263692	30.464	1003.69042285598	9.22334708551099
30.576	15.361975643322	0.0610618579113474	30.576	1021.58778929397	9.40610308486145
30.688	15.4675778667378	0.0609175859488417	30.688	1039.84831304287	9.59249032617034
30.8	15.5735703207981	0.0607761251402672	30.8	1058.48058631814	9.7825919749729
30.912	15.6799530850402	0.0606374532656652	30.912	1077.49342003048	9.97649338011871
31.024	15.7867262394332	0.0605015485752815	31.024	1096.89584971939	10.1742821330872
31.136	15.8938898644228	0.0603683897816634	31.136	1116.69714165955	10.3760481289896
31.248	16.0014440409623	0.0602379560515303	31.248	1136.90679914566	10.5818836293144
31.36	16.1093888505349	0.0601102269981204	31.36	1157.53456896101	10.7918833264689
31.472	16.2177243751995	0.0599851826737297	31.472	1178.59044803551	11.0061444101723
31.584	16.3264506976023	0.0598628035620511	31.584	1200.08469029869	11.2247666357583
31.696	16.435567901012	0.0597430705710211	31.696	1222.02781373414	11.4478523944481
31.808	16.5450760693488	0.0596259650258834	31.808	1244.4306076411	11.6755067856532
31.92	16.6549752871902	0.0595114686617816	31.92	1267.30414010983	11.9078376913731
32.032	16.7652656398189	0.0593995636176295	32.032	1290.6597657174	12.1449558527534
32.144	16.8759472132175	0.0592902324286835	32.144	1314.50913345027	12.3869749488691
32.256	16.9870200940987	0.0591834580206122	32.256	1338.86419486136	12.6340116778078
32.368	17.0984843699328	0.0590792237027758	32.368	1363.73721246818	12.8861858401207
32.48	17.2103401289524	0.0589775131621181	32.48	1389.14076839996	13.1436204247179
32.592	17.3225874601725	0.0588783104570035	32.592	1415.08777330119	13.4064416972825
32.704	17.4352264534096	0.0587816000112211	32.704	1441.59147549968	13.6747792912865
32.816	17.5482571992939	0.0586873666080856	32.816	1468.66547044757	13.948766301687
32.928	17.6616797892841	0.0585955953848044	32.928	1496.32371044318	14.2285393813879
33.04	17.7754943156807	0.0585062718266056	33.04	1524.58051464326	14.5142388405562
33.152	17.8897008716441	0.058419381761597	33.152	1553.45057937397	14.806008748879
33.264	18.0042995511955	0.058334911355011	33.264	1582.94898875047	15.1039970408591
33.376	18.1192904492429	0.0582528471040591	33.376	1613.09122561466	15.4083556242428
33.488	18.2346736615881	0.0581731758329527	33.488	1643.89318280052	15.7192404916751
33.6	18.3504492849242	0.0580958846873764	33.6	1675.37117473838	16.0368118356941
33.712	18.4666174168738	0.058020961130034	33.712	1707.54194940789	16.3612341671613
33.824	18.5831781559743	0.0579483929354339	33.824	1740.42270065087	16.692676437241
33.936	18.7001316016975	0.0578781681851906	33.936	1774.03108085583	17.0313121630425
34.048	18.817477854468	0.0578102752636278	34.048	1808.38521402525	17.3773195570387
34.16	18.9352170156552	0.0577447028527236	34.16	1843.50370923835	17.7308816603846
34.272	19.053349187596	0.0576814399280488	34.272	1879.40567452126	18.0921864802567
34.384	19.1718744736014	0.0576204757542565	34.384	1916.11073113818	18.4614271313451
34.496	19.2907929779611	0.0575617998806668	34.496	1953.63902831621	18.838801981628
34.608	19.410104805957	0.0575054021372005	34.608	1992.01125841843	19.224514802569
34.72	19.5298100638669	0.0574512726302657	34.72	2031.24867257863	19.6187749238744
34.832	19.6499088589796	0.0573994017385524	34.832	2071.37309681323	20.0217973929616
34.944	19.7704012995989	0.0573497801092858	34.944	2112.406948625	20.4338031392848
35.056	19.8912874950474	0.0573023986541471	35.056	2154.37325411489	20.8550191436805
35.168	20.0125675556852	0.0572572485456614	35.168	2197.29566561771	21.2856786128875
35.28	20.1342415929074	0.0572143212132899	35.28	2241.19847987887	21.7260211594134
35.392	20.2563097191624	0.0571736083399861	35.392	2286.10665678929	22.1762929869169
35.504	20.3787720479466	0.0571351018583857	35.504	2332.04583869658	22.6367470812848
35.616	20.5016286938258	0.0570987939474905	35.616	2379.04237031121	23.1076434075903
35.728	20.6248797724309	0.057064677029164	35.728	2427.12331922648	23.5892491131192
35.84	20.7485254004755	0.0570327437647102	35.84	2476.31649707243	24.0818387366633
35.952	20.8725656957556	0.0570029870516571	35.952	2526.65048132419	24.5856944242829
36.064	20.9970007771625	0.0569754000205296	36.064	2578.15463778571	25.1011061517503
36.176	21.1218307646852	0.0569499760315533	36.176	2630.85914377113	25.628371953889
36.288	21.2470557794293	0.0569267086717948	36.288	2684.79501200621	26.1677981610368
36.4	21.3726759436021	0.0569055917517032	36.4	2739.99411527357	26.7196996428638
36.512	21.4986913805444	0.0568866193026063	36.512	2796.48921182526	27.2844000597811
36.624	21.6251022147268	0.0568697855735067	36.624	2854.31397158878	27.8622321221976
36.736	21.7519085717504	0.0568550850281274	36.736	2913.50300319133	28.4535378578718
36.848	21.8791105783699	0.0568425123423677	36.848	2974.09188183002	29.0586688876326
36.96	22.006708362487	0.056832062401428	36.96	3036.1171780152	29.6779867097383
37.072	22.1347020531653	0.0568237302970021	37.072	3099.61648721551	30.3118629931573
37.184	22.2630917806325	0.0568175113247089	37.184	3164.62846043493	30.9606798800713
37.296	22.3918776762993	0.0568134009816178	37.296	3231.19283575133	31.6248302978929
37.408	22.5210598727465	0.0568113949634165	37.408	3299.35047084977	32.3047182811258
37.52	22.6506385037501	0.0568114891621656	37.52	3369.14337658184	33.0007593033802
37.632	22.780613704287	0.0568136796638535	37.632	3440.61475158561	33.7133806198837
37.744	22.910985610528	0.0568179627456983	37.744	3513.80901800166	34.4430216208408
37.856	23.0417543598619	0.0568243348741092	37.856	3588.77185832101	35.1901341959941
37.968	23.1729200908954	0.0568327927023029	37.968	3665.55025340194	35.9551831107557
38.08	23.3044829434586	0.0568433330678699	38.08	3744.19252169613	36.7386463943077
38.192	23.4364430586215	0.0568559529908609	38.192	3824.74835972286	37.5410157400567
38.304	23.56880057869	0.0568706496713358	38.304	3907.26888383326	38.3627969188576
38.416	23.7015556472158	0.0568874204872587	38.416	3991.80667330808	39.2045102054378
38.528	23.8347084090147	0.0569062629925471	38.528	4078.41581483276	40.0666908184546
38.64	23.968259010159	0.0569271749149764	38.64	4167.15194839715	40.9498893746567
38.752	24.1022075979914	0.056950154153973	38.752	4258.07231466531	41.8546723575977
38.864	24.2365543211413	0.056975198778983	38.864	4351.23580386756	42.7816226014193
38.976	24.3712993295147	0.0570023070272245	38.976	4446.70300626362	43.7313397901882
39.088	24.5064427743199	0.0570314773019636	39.088	4544.53626423056	44.704440973319
39.2	24.6419848080567	0.0570627081704924	39.2	4644.79972603044	45.7015610976251
39.312	24.7779255845398	0.0570959983624912	39.312	4747.55940131392	46.7233535565572
39.424	24.9142652589045	0.0571313467681873	39.424	4852.88321841866	47.7704907572105
39.536	25.0510039875984	0.0571687524364311	39.536	4960.841083523	48.8436647056991
39.648	25.1881419284114	0.0572082145731518	39.648	5071.50494171764	49.9435876115225
39.76	25.325679240466	0.0572497325395868	39.76	5184.94884006117	51.0709925115703
39.872	25.4636160842398	0.0572933058506922	39.872	5301.24899268551	52.226633914425
39.984	25.6019526215564	0.0573389341734011	39.984	5420.48384802183	53.4112884656585
40.096	25.7406890156056	0.0573866173250555	40.096	5542.73415821906	54.625755634838
40.208	25.8798254309496	0.0574363552719424	40.208	5668.0830508294	55.8708584249764
40.32	26.0193620335285	0.05748814812768	40.32	5796.61610283778	57.1474441051922
40.432	26.1592989906677	0.0575419961516348	40.432	5928.42141711738	58.4563849673884
40.544	26.2996364710842	0.0575978997475804	40.544	6063.58970139146	59.7985791077482
40.656	26.4403746449005	0.0576558594621391	40.656	6202.21434978889	61.1749512339117
40.768	26.5815136836463	0.0577158759834253	40.768	6344.39152708333	62.5864534987231
40.88	26.7230537602708	0.0577779501396453	40.88	6490.22025570517	64.034066361433
40.992	26.8649950491504	0.0578420828976744	40.992	6639.80250562584	65.5187994773412
41.104	27.0073377260903	0.0579082753617407	41.104	6793.24328720934	67.0416926168189
41.216	27.1500819683413	0.0579765287720862	41.216	6950.65074713631	68.6038166147533
41.328	27.2932279546031	0.0580468445037364	41.328	7112.13626750544	70.2062743514529
41.44	27.4367758650309	0.0581192240651792	41.44	7277.81456822158	71.8502017660962
41.552	27.580725881249	0.0581936690970872	41.552	7447.80381278697	73.536768903876
41.664	27.7250781863557	0.0582701813711788	41.664	7622.22571760931	75.2671809979659
41.776	27.8698329649238	0.0583487627888963	41.776	7801.20566495395	77.0426795875695
41.888	28.0149904030291	0.0584294153804346	41.888	7984.87281966178	78.8645436732555
42	28.1605506882366	0.0585121413033532	42	8173.36024976851	80.7340909109228
42.112	28.3065140096192	0.0585969428415379	42.112	8366.8050511579	82.6526788457078
42.224	28.4528805577645	0.0586838224041596	42.224	8565.34847639146	84.6217061872457
42.336	28.5996505247889	0.0587727825245408	42.336	8769.13606786044	86.6426141277287
42.448	28.746824104331	0.0588638258589375	42.448	8978.31779541181	88.7168877042637
42.56	28.8944014915748	0.0589569551857476	42.56	9193.04819860308	90.8460572070636
42.672	29.0423828832522	0.0590521734043009	42.672	9413.48653375154	93.0316996351094
42.784	29.1907684776461	0.0591494835338772	42.784	9639.79692594298	95.27544020092
42.896	29.3395584746124	0.0592488887127655	42.896	9872.14852617786	97.5789538861903
43.008	29.4887530755754	0.0593503921972856	43.008	10110.7156738327	99.9439670500584
43.12	29.6383524835401	0.0594539973607255	43.12	10355.678064627	102.372259091884
43.232	29.7883569030986	0.0595597076924897	43.232	10607.2209242884	104.865664170453
43.344	29.9387665404526	0.0596675267972765	43.344	10865.5351881176	107.426072981594
43.456	30.0895816034007	0.0597774583940222	43.456	11130.8176866639	110.055434596297
43.568	30.2408023013589	0.0598895063150107	43.568	11403.2713377256	112.755758361469
43.68	30.3924288453666	0.0600036745051046	43.68	11683.1053449024	115.529115865546
43.792	30.5444614481	0.0601199670208961	43.792	11970.5354029302	118.377642971283
43.904	30.6969003238734	0.0602383880297355	43.904	12265.7839100418	121.303541918091
44.016	30.8497456886506	0.0603589418090743	44.016	12569.080187603	124.309083496419
44.128	31.0029977600532	0.060481632745534	44.128	12880.6607072847	127.396609296755
44.24	31.1566567573764	0.0606064653342393	44.24	13200.7693260394	130.568534035903
44.352	31.3107229015794	0.0607334441778435	44.352	13529.6575291623	133.827347963299
44.464	31.4651964153189	0.0608625739860265	44.464	13867.5846817249	137.17561935024
44.576	31.6200775229356	0.0609938595745282	44.576	14214.8182886864	140.615997065025
44.688	31.7753664504739	0.0611273058645418	44.688	14571.6342639863	144.151213237025
44.8	31.9310634256934	0.0612629178819608	44.8	14938.3172089527	147.784086012997
44.912	32.087168678075	0.0614007007567217	44.912	15315.1607003496	151.517522408828
45.024	32.2436824388166	0.0615406597219086	45.024	15702.4675884209	155.354521260267
45.136	32.4006049408667	0.0616828001133711	45.136	16100.5503052879	159.298176276165
45.248	32.5579364189152	0.0618271273689065	45.248	16509.7311840726	163.351679197922
45.36	32.7156771094046	0.061973647027518	45.36	16930.3427891412	167.51832306903
45.472	32.8738272505436	0.0621223647289609	45.472	17362.7282578665	171.80150561867
45.584	33.0323870823183	0.0622732862130017	45.584	17807.2416543269	176.204732763509
45.696	33.1913568464922	0.0624264173187875	45.696	18264.2483353805	180.731622232005
45.808	33.3507367866243	0.0625817639843729	45.808	18734.1253295601	185.385907315672
45.92	33.5105271480688	0.0627393322458996	45.92	19217.2617292593	190.171440751938
46.032	33.6707281779964	0.0628991282372531	46.032	19714.0590966939	195.092198743395
46.144	33.831340125391	0.0630611581893317	46.144	20224.9318841419	200.152285118426
46.256	33.9923632410642	0.0632254284295068	46.256	20750.3078689831	205.355935638368
46.368	34.1537977776731	0.0633919453812098	46.368	21290.6286040862	210.707522456627
46.48	34.3156439897073	0.0635607155631486	46.48	21846.3498840981	216.211558735255
46.592	34.4779021335271	0.0637317455890426	46.592	22417.9422282265	221.872703424823
46.704	34.6405724673435	0.0639050421668403	46.704	23005.8913801198	227.695766213574
46.816	34.8036552512548	0.0640806120985285	46.816	23610.6988254707	233.685712652077
46.928	34.967150747231	0.0642584622792424	46.928	24232.882328007	239.847669459919
47.04	35.1310592191456	0.064438599697147	47.04	24872.9764845351	246.18693002105
47.152	35.295380932767	0.0646210314327477	47.152	25531.5332997515	252.708960074853
47.264	35.4601161557723	0.0648057646583472	47.264	26209.1227815493	259.419403610137
47.376	35.6252651577729	0.0649928066378973	47.376	26906.3335575794	266.324088969579
47.488	35.7908282102963	0.0651821647262035	47.488	27623.7735138556	273.429035172418
47.6	35.9568055868188	0.0653738463686712	47.6	28362.0704562251	280.740458463555
47.712	36.1231975627609	0.0655678591008048	47.712	29121.8727955522	288.264779097426
47.824	36.2900044155085	0.0657642105478438	47.824	29903.8502574981	296.008628365419
47.936	36.4572264244087	0.0659629084242283	47.936	30708.6946178184	303.978855875932
48.048	36.6248638707885	0.0661639605332768	48.048	31537.1204641264	312.182537096478
48.16	36.7929170379713	0.0663673747668329	48.16	32389.8659851187	320.626981167697
48.272	36.9613862112662	0.0665731591046792	48.272	33267.6937882799	329.319738999339
48.384	37.1302716779978	0.0667813216143639	48.384	34171.3917471517	338.268611658978
48.496	37.2995737275002	0.066991870450655	48.496	35101.7738792557	347.481659064212
48.608	37.4692926511406	0.067204813855285	48.608	36059.6812558394	356.967208989962
48.72	37.6394287423195	0.0674201601565036	48.72	37045.9829446348	366.733866402631
48.832	37.8099822964832	0.0676379177687475	48.832	38061.5769868746	376.790523133443
48.944	37.9809536111356	0.0678580951923105	48.944	39107.3914098598	387.146367903779
49.056	38.1523429858481	0.0680807010130162	49.056	40184.3852764199	397.810896715803
49.168	38.3241507222607	0.0683057439017357	49.168	41293.5497726641	408.793923622189
49.28	38.4963771241072	0.0685332326142729	49.28	42435.9093354717	420.105591889325
49.392	38.6690224972098	0.0687631759908368	49.392	43612.5228212335	431.756385568934
49.504	38.8420871495026	0.0689955829558906	49.504	44824.4847173957	443.757141493498
49.616	39.0155713910321	0.0692304625177427	49.616	46072.9263984595	456.11906171182
49.728	39.1894755339722	0.0694678237682623	49.728	47359.0174281003	468.853726381247
49.84	39.3637998926273	0.0697076758825448	49.84	48683.9669091867	481.973107134117
49.952	39.5385447834537	0.0699500281187012	49.952	50049.0248835108	495.489580936431
50.064	39.7137105250561	0.0701948898174513	50.064	51455.4837831484	509.415944457693
50.176	39.8892974382159	0.0704422704020109	50.176	52904.6799353995	523.765428971264
50.288	40.0653058458788	0.0706921793776134	50.288	54397.9951233837	538.551715805745
50.4	40.2417360731873	0.0709446263314304	50.4	55936.8582044156	553.788952368455
50.512	40.418588447471	0.071199620932115	50.512	57522.746788379	569.491768762947
50.624	40.5958632982724	0.0714571729297156	50.624	59157.1889784089	585.675295023444
50.736	40.7735609573506	0.0717172921553273	50.736	60841.7651762741	602.35517898987
50.848	40.9516817586889	0.0719799885208513	50.848	62578.1099549752	619.547604848389
50.96	41.1302260385082	0.0722452720187083	50.96	64367.9140011161	637.269312362767
51.072	41.3091941352811	0.0725131527217474	51.072	66212.9261297847	655.537616823655
51.184	41.4885863897384	0.072783640782843	51.184	68114.9553747152	674.370429743228
51.296	41.6684031448766	0.0730567464347629	51.296	70075.8731566787	693.786280324378
51.408	41.8486447459736	0.0733324799898606	51.408	72097.6155331043	713.804337734149
51.52	42.0293115405941	0.0736108518399433	51.52	74182.1855321208	734.444434213049
51.632	42.2104038786098	0.0738918724560395	51.632	76331.6555742634	755.727089052307
51.744	42.3919221121955	0.0741755523880807	51.744	78548.1699852938	777.673533473272
51.856	42.5738665958541	0.0744619022648761	51.856	80833.9476036683	800.305736443892
51.968	42.7562376864132	0.0747509327937101	51.968	83191.2844863393	823.646431468825
52.08	42.9390357430537	0.075042654760351	52.08	85622.5567167652	847.719144391488
52.192	43.1222611272986	0.075337079028635	52.192	88130.2233190785	872.548222247202
52.304	43.3059142030452	0.0756342165404684	52.304	90716.829282624	898.158863209092
52.416	43.4899953365543	0.0759340783154536	52.416	93385.008701164	924.577147669321
52.528	43.6745048964851	0.0762366754509786	52.528	96137.4880312518	951.830070500204
52.64	43.8594432538837	0.0765420191217098	52.64	98977.0894744859	979.945574541859
52.752	44.0448107822076	0.0768501205796452	52.752	101906.73448849	1008.95258536438
52.864	44.2306078573295	0.0771609911538349	52.864	104929.447431724	1038.88104735508
52.976	44.4168348575572	0.0774746422503259	52.976	108048.359347381	1069.7619611828
53.088	44.6034921636315	0.0777910853518352	53.088	111266.711891879	1101.62742269386
53.2	44.7905801587477	0.0781103320177132	53.2	114587.861413674	1134.51066329637
53.312	44.9780992285604	0.0784323938837031	53.312	118015.283188345	1168.44609189173
53.424	45.1660497611987	0.0787572826618804	53.424	121552.575816132	1203.46933841463
53.536	45.3544321472773	0.0790850101404495	53.536	125203.465788412	1239.61729904571
53.648	45.5432467799079	0.0794155881836035	53.648	128971.812229799	1276.928183163
53.76	45.7324940546984	0.079749028731285	53.76	132861.611822868	1315.44156210161
53.872	45.922174369785	0.0800853437992593	53.872	136877.003922811	1355.19841979386
53.984	46.1122881258226	0.080424545478701	53.984	141022.275869546	1396.24120536445
54.096	46.3028357260142	0.080766645936339	54.096	145301.868505218	1438.61388775919
54.208	46.4938175761112	0.0811116574141336	54.208	149720.3819053	1482.36201248856
54.32	46.6852340844262	0.0814595922292141	54.32	154282.58133182	1527.53276057061
54.432	46.8770856618427	0.0818104627737064	54.432	158993.403417666	1574.17500976164
54.544	47.0693727218353	0.0821642815146912	54.544	163857.962591206	1622.33939816638
54.656	47.2620956804648	0.0825210609939319	54.656	168881.557750918	1672.07839032343
54.768	47.4552549564131	0.0828808138280267	54.768	174069.679200057	1723.4463458653
54.88	47.6488509709665	0.0832435527079497	54.88	179428.015851867	1776.49959085722
54.992	47.8428841480552	0.0836092903992547	54.992	184962.462716264	1831.29649192268
55.104	48.0373549142414	0.0839780397416934	55.104	190679.128679288	1887.89753326777
55.216	48.2322636987474	0.0843498136493463	55.216	196584.344587281	1946.36539672252
55.328	48.4276109334552	0.0847246251103046	55.328	202684.671648008	2006.76504492034
55.44	48.6233970529275	0.0851024871867349	55.44	208986.910161667	2069.16380774371
55.552	48.8196224944102	0.0854834130146337	55.552	215498.108595143	2133.63147216828
55.664	49.0162876978578	0.0858674158039009	55.664	222225.573013413	2200.24037564312
55.776	49.2133931059266	0.0862545088380484	55.776	229176.876882706	2269.06550315176
55.888	49.410939164005	0.0866447054742683	55.888	236359.871260556	2340.1845881038
56	49.6089263202091	0.0870380191432357	56	243782.695388436	2413.67821721252
56.112	49.8073550254058	0.0874344633490276	56.112	251453.787703565	2489.62993952266
56.224	50.0062257332228	0.0878340516691538	56.224	259381.897286855	2568.1263797565
56.336	50.205538900053	0.0882367977542737	56.336	267576.095765028	2649.25735615655
56.448	50.4052949850762	0.0886427153282842	56.448	276045.789685367	2733.11600300796
56.56	50.6054944502634	0.0890518181881044	56.56	284800.733382584	2819.79889803318
56.672	50.8061377603941	0.0894641202037109	56.672	293851.042357986	2909.40619485905
56.784	51.0072253830679	0.0898796353180221	56.784	303207.207192057	3002.0417607651
56.896	51.2087577887074	0.0902983775467074	56.896	312880.108012332	3097.81331992987
57.008	51.410735450591	0.0907203609783617	57.008	322881.029539528	3196.83260240257
57.12	51.6131588448374	0.0911455997741248	57.12	333221.676735865	3299.21549903691
57.232	51.8160284504384	0.0915741081678281	57.232	343914.191080271	3405.08222263183
57.344	52.0193447492712	0.0920059004659466	57.344	354971.167496636	3514.55747553793
57.456	52.2231082260944	0.0924409910473055	57.456	366405.671961989	3627.77062399598
57.568	52.4273193685718	0.0928793943632149	57.568	378231.25982293	3744.85587948765
57.68	52.6319786672844	0.09332112493732	57.68	390461.994849644	3865.95248738921
57.792	52.8370866157435	0.093766197365602	57.792	403112.469058206	3991.204923232
57.904	53.042643710402	0.0942146263162924	57.904	416197.823333151	4120.76309688627
58.016	53.2486504506514	0.0946664265296116	58.016	429733.768883662	4254.78256499874
58.128	53.455107338871	0.0951216128181594	58.128	443736.609568142	4393.42475202803
58.24	53.6620148803986	0.0955802000663598	58.24	458223.265123458	4536.85718023714
58.352	53.8693735835709	0.0960422032307531	58.352	473211.295336725	4685.2537090181
58.464	54.0771839597289	0.0965076373398076	58.464	488718.925199065	4838.7947839391
58.576	54.2854465232239	0.0969765174938496	58.576	504765.071082445	4997.66769592115
58.688	54.4941617914342	0.0974488588650043	58.688	521369.367982755	5162.06685097158
58.8	54.7033302847852	0.0979246766972662	58.8	538552.19787362	5332.19405091478
58.912	54.9129525267502	0.0984039863062858	58.912	556334.719217955	5508.25878558595
59.024	55.1230290438678	0.0988868030794021	59.024	574738.897685871	5690.47853696876
59.136	55.3335603657595	0.0993731424756277	59.136	593787.538129879	5879.07909578153
59.248	55.544547025135	0.0998630200255217	59.248	613504.317870403	6074.29489103686
59.36	55.7559895578102	0.100356451331209	59.36	633913.821347114	6276.36933312409
59.472	55.967888502713	0.100853452066262	59.472	655041.576193758	6485.55517098594
59.584	56.1802444019098	0.101354037975768	59.584	676914.090796851	6702.11486398669
59.696	56.393057800605	0.101858224876194	59.696	699558.893401193	6926.3209690956
59.808	56.6063292471558	0.102366028655329	59.808	723004.572827975	7158.45654403649
59.92	56.8200592930948	0.102877465272357	59.92	747280.820873752	7398.81556707956
60.032	57.0342484931338	0.103392550757714	60.032	772418.476462284	7647.70337418834
60.144	57.2488974051789	0.103911301213096	60.144	798449.571623549	7905.43711425755
60.256	57.4640065903418	0.104433732811328	60.256	825407.379378124	8172.34622321582
60.368	57.6795766129617	0.104959861796522	60.368	853326.463608309	8448.77291779924
60.48	57.8956080406071	0.105489704483847	60.48	882242.731000726	8735.0727098346
60.592	58.1121014441011	0.106023277259626	60.592	912193.485149631	9031.6149419157
60.704	58.3290573975199	0.106560596581201	60.704	943217.482912813	9338.78334538261
60.816	58.5464764782161	0.107101678976921	60.816	975354.993117566	9656.97662156897
60.928	58.7643592668317	0.107646541046175	60.928	1008647.85771699	9986.60904730984
61.04	58.9827063473116	0.108195199459317	61.04	1043139.55550261	10328.1111057599
61.152	59.2015183069125	0.108747670957611	61.152	1078875.26848305	10681.9301436079
61.264	59.4207957362162	0.109303972353177	61.264	1115901.95104374	11048.5310558263
61.376	59.640539229157	0.109864120529149	61.376	1154268.40200808	11428.3969991484
61.488	59.8607493830101	0.110428132439307	61.488	1194025.33972486	11822.0301355077
61.6	60.0814267984278	0.110996025108351	61.6	1235225.48031349	12229.9524067436
61.712	60.3025720794445	0.111567815631765	61.712	1277923.61920329	12652.7063419211
61.824	60.5241858334874	0.112143521175739	61.824	1322176.71611015	13090.8558986834
61.936	60.7462686713977	0.112723158977236	61.936	1368043.98359957	13544.9873401143
62.048	60.9688212074326	0.113306746343821	62.048	1415586.979392	14015.7101486522
62.16	61.1918440592976	0.113894300653868	62.16	1464869.70257327	14503.6579786687
62.272	61.4153378481415	0.114485839356309	62.272	1515958.69388063	15009.4896493997
62.384	61.6393031985778	0.115081379970676	62.384	1568923.14024155	15533.8901799829
62.496	61.8637407387006	0.115680940087114	62.496	1623834.98375158	16077.5718684469
62.608	62.0886511000986	0.116284537366365	62.608	1680769.03528518	16641.2754165705
62.72	62.3140349178643	0.116892189539684	62.72	1739803.09294184	17225.771102617
62.832	62.5398928306177	0.117503914408894	62.832	1801018.06554033	17831.8600040492
62.944	62.7662254804991	0.118119729846171	62.944	1864498.1013814	18460.3752724077
63.056	62.9930335132184	0.118739653794392	63.056	1930330.72251154	19112.1834626553
63.168	63.220317578027	0.119363704266619	63.168	1998606.96472852	19788.1859193703
63.28	63.448078327772	0.119991899346578	63.28	2069421.52358216	20489.3202222989
63.392	63.6763164188799	0.120624257188221	63.392	2142872.90663474	21216.5616938837
63.504	63.9050325113921	0.121260796016027	63.504	2219063.5922563	21970.9249714947
63.616	64.1342272689647	0.121901534124732	63.616	2298100.1952448	22753.4656472327
63.728	64.3639013588859	0.122546489879397	63.728	2380093.63957149	23565.2819782796
63.84	64.5940554520994	0.123195681715481	63.84	2465159.33856825	24407.5166709317
63.952	64.8246902232118	0.123849128138718	63.952	2553417.38288595	25281.3587415731
64.064	65.0558063505072	0.124506847725128	64.064	2644992.73656918	26188.04545801
64.176	65.2874045159549	0.125168859120884	64.176	2740015.44160701	27128.8643647259
64.288	65.5194854052399	0.125835181042487	64.288	2838620.83133819	28105.155395804
64.4	65.7520497077709	0.126505832276714	64.4	2940949.75310366	29118.3130794076
64.512	65.9850981166833	0.127180831680374	64.512	3047148.80055914	30169.7888379055
64.624	66.21863132887	0.12786019818055	64.624	3157370.55607931	31261.0933879119
64.736	66.4526500449917	0.128543950774495	64.736	3271773.84370335	32393.7992446995
64.848	66.6871549694823	0.129232108529518	64.848	3390523.99309465	33569.5433356604
64.96	66.9221468105825	0.129924690583166	64.96	3513793.11500633	34790.0297276887
65.072	67.1576262803336	0.130621716142963	65.072	3641760.38877029	36057.0324736057
65.184	67.393594094604	0.131323204486535	65.184	3774612.36234715	37372.3985829524
65.296	67.6300509731091	0.132029174961648	65.296	3912543.2655034	38738.0511227528
65.408	67.86699763941	0.132739646985982	65.408	4055755.33670471	40155.9924540815
65.52	68.1044348209469	0.133454640047353	65.52	4204459.16434454	41628.3076105646
65.632	68.3423632490406	0.134174173703506	65.632	4358874.04295227	43157.1678251933
65.744	68.5807836589167	0.134898267582217	65.744	4519228.34505895	44744.8342121625
65.856	68.8196967897142	0.13562694138119	65.856	4685759.90942682	46393.661610728
65.968	69.0591033845001	0.136360214868051	65.968	4858716.44638337	48106.1025984146
66.08	69.2990041902925	0.137098107880385	66.08	5038355.96103348	49884.7116812356
66.192	69.5393999580729	0.137840640325716	66.192	5224947.19516211	51732.1496689666
66.304	69.7802914427977	0.138587832181417	66.304	5418770.08867312	53651.1882438472
66.416	70.021679403415	0.139339703494727	66.416	5620116.26145425	55644.7147315211
66.528	70.2635646028833	0.140096274382745	66.528	5829289.5165958	57715.7370833993
66.64	70.5059478081794	0.140857565032342	66.64	6046606.36593588	59867.3890800785
66.752	70.7488297903285	0.141623595700323	66.752	6272396.57895073	62102.9357658988
66.864	70.9922113244057	0.142394386713199	66.864	6507003.75605291	64425.779125163
66.976	71.2360931895581	0.143169958467295	66.976	6750785.92741685	66839.4640111033
67.088	71.4804761690145	0.143950331428603	67.088	7004116.17849457	69347.6843391053
67.2	71.7253610501142	0.144735526132982	67.2	7267383.30344751	71954.2895563306
67.312	71.9707486243049	0.145525563185866	67.312	7540992.48777152	74663.2914003802
67.424	72.2166396871818	0.146320463262559	67.424	7825366.02145594	77478.8709602752
67.536	72.4630350384723	0.147120247107832	67.536	8120944.04408025	80405.3860536514
67.648	72.7099354820861	0.147924935536302	67.648	8428185.3233144	83447.3789346837
67.76	72.9573418260997	0.148734549432042	67.76	8747568.06836446	86609.5843480029
67.872	73.2052548828008	0.149549109748908	67.872	9079590.77997157	89896.9379445272
67.984	73.4536754686838	0.150368637510261	67.984	9424773.13865115	93314.5850759101
68.096	73.702604404477	0.151193153809087	68.096	9783656.93294169	96867.889985122
68.208	73.9520425151476	0.152022679807822	68.208	10156807.0295085	100562.445411438
68.32	74.2019906299316	0.152857236738529	68.32	10544812.3870452	104404.082629067
68.432	74.4524495823461	0.153696845902794	68.432	10948287.1159991	108398.88193948
68.544	74.703420210193	0.154541528671579	68.544	11367871.586249	112553.183638523
68.656	74.954903355602	0.155391306485514	68.656	11804233.5849619	116873.599480335
68.768	75.2068998650137	0.15624620085446	68.768	12258069.5269598	121367.024661188
68.88	75.4594105892247	0.157106233357832	68.88	12730105.7200462	126040.650347464
68.992	75.7124363833898	0.15797142564445	68.992	13221099.6878486	130901.976773113
69.104	75.9659781070385	0.158841799432447	69.104	13731841.5528608	135958.826933133
69.216	76.220036624099	0.159717376509378	69.216	14263155.4825012	141219.360900986
69.328	76.4746128029102	0.160598178732125	69.328	14815901.2011263	146692.090799024
69.44	76.7297075162383	0.161484228026881	69.44	15390975.5710922	152385.896452566
69.552	76.9853216412888	0.162375546389074	69.552	15989314.2460965	158310.041759619
69.664	77.2414560597378	0.163272155883493	69.664	16611893.4001925	164474.19180983
69.776	77.4981116577323	0.164174078644089	69.776	17259731.5360282	170888.43078784
69.888	77.7552893259237	0.165081336874149	69.888	17933891.3760333	177563.280697917
70	78.0129899594635	0.165993952845985	70	18635481.8404636	184509.72094854
70.112	78.2712144580465	0.166911948901264	70.112	19365660.1163825	191739.20883738
70.224	78.5299637259042	0.167835347450689	70.224	20125633.8218862	199263.700979255
70.336	78.7892386718338	0.168764170974074	70.336	20916663.2700492	207095.675721448
70.448	79.0490402092154	0.169698442020387	70.448	21740063.8373209	215248.156593169
70.56	79.3093692560321	0.17063818320771	70.56	22597208.441305	223734.736838028
70.672	79.5702267348723	0.171583417223041	70.672	23489530.1331061	232569.605080829
70.784	79.8316135729691	0.172534166822557	70.784	24418524.8096741	241767.572182472
70.896	80.0935307021964	0.173490454831289	70.896	25385754.051847	251344.099339378
71.008	80.3559790591002	0.174452304143288	71.008	26392848.09406	261315.327486559
71.12	80.6189595849118	0.175419737721558	71.12	27441508.9319866	271698.10806633
71.232	80.8824732255725	0.176392778598089	71.232	28533513.5746819	282510.035227762
71.344	81.146520931732	0.177371449873612	71.344	29670717.4481122	293769.479524982
71.456	81.4111036587928	0.178355774717871	71.456	30855057.9573024	305495.623185965
71.568	81.6762223668988	0.179345776369277	71.568	32088558.2146717	317708.497026748
71.68	81.9418780209798	0.180341478135186	71.68	33373330.9425114	330429.019089828
71.792	82.2080715907525	0.181342903391654	71.792	34711582.5579417	343679.035089271
71.904	82.4748040507484	0.182350075583546	71.904	36105617.4490878	357481.360749094
72.016	82.7420763803238	0.183363018224406	72.016	37557842.451658	371859.82612582
72.128	83.0098895636813	0.184381754896456	72.128	39070771.5355422	386839.322010444
72.24	83.2782445898894	0.185406309250615	72.24	40647030.7115371	402445.84850987
72.352	83.5471424528964	0.186436705006378	72.352	42289363.1687814	418706.565912605
72.464	83.8165841515584	0.187472965951931	72.464	44000634.654029	435649.847948888
72.576	84.0865706896427	0.188515115943934	72.576	45783839.1044235	453305.337560742
72.688	84.357103075856	0.189563178907601	72.688	47642104.5460047	471704.005303021
72.8	84.6281823238651	0.190617178836718	72.8	49578699.2708078	490878.21050281
72.912	84.8998094523087	0.191677139793501	72.912	51597038.3060206	510861.765310487
73.024	85.1719854848176	0.192743085908607	73.024	53700690.1893585	531690.001782645
73.136	85.444711450036	0.19381504138113	73.136	55893384.065501	553399.842143839
73.248	85.7179883816379	0.194893030478531	73.248	58179017.1191716	576029.872381432
73.36	85.9918173183407	0.195977077536555	73.36	60561662.3612246	599620.419335569
73.472	86.2661993039414	0.197067206959411	73.472	63045576.7849115	624213.631454292
73.584	86.5411353873104	0.198163443219421	73.584	65635209.9103529	649853.56339226
73.696	86.816626622433	0.199265810857272	73.696	68335212.7361326	676586.264640407
73.808	87.0926740684181	0.200374334481871	73.808	71150447.1178969	704459.872383353
73.92	87.3692787895129	0.201489038770214	73.92	74085995.5947987	733524.708790932
74.032	87.6464418551311	0.202609948467511	74.032	77147171.685709	763833.382960879
74.144	87.924164339865	0.203737088387052	74.144	80339530.6781668	795440.897740119
74.256	88.2024473235099	0.204870483410215	74.256	83668880.9342383	828404.761663964
74.368	88.4812918910826	0.206010158486444	74.368	87141295.7386334	862785.106264197
74.48	88.7606991328343	0.20715613863312	74.48	90763125.715693	898644.809009544
74.592	89.0406701442839	0.208308448935716	74.592	94541011.8432413	936049.62215569
74.704	89.3212060262158	0.20946711454747	74.704	98481899.092646	975068.30779539
74.816	89.6023078847238	0.210632160689672	74.816	102593050.725962	1015772.77941434
74.928	89.8839768312112	0.211803612651362	74.928	106882063.282535	1058238.25027339
75.04	90.1662139824249	0.212981495789498	75.04	111356882.289108	1102543.38895414
75.152	90.4490204604655	0.214165835528789	75.152	116025818.729196	1148770.48242212
75.264	90.732397392807	0.215356657361641	75.264	120897566.309273	1197005.60697902
75.376	91.016345912319	0.216553986848182	75.376	125981219.561226	1247338.80749505
75.488	91.3008671573016	0.217757849616379	75.488	131286292.822543	1299864.28533145
75.6	91.5859622714656	0.218968271361516	75.6	136822740.137768	1354680.59538468
75.712	91.8716324040046	0.220185277846828	75.712	142600976.127023	1411890.85270551
75.824	92.1578787095681	0.221408894902825	75.824	148631897.869629	1471602.94916836
75.936	92.4447023483161	0.222639148427739	75.936	154926907.853386	1533929.78069207
76.048	92.7321044859124	0.223876064387102	76.048	161497938.042634	1598989.48553741
76.16	93.0200862935668	0.225119668814009	76.16	168357475.120822	1666905.69423361
76.272	93.3086489480459	0.226369987808958	76.272	175518586.96632	1737807.791715
76.384	93.5977936316911	0.227627047539754	76.384	182994950.423024	1811831.19227759
76.496	93.8875215324433	0.228890874241561	76.496	190800880.430615	1889117.62799745
76.608	94.177833843862	0.230161494216807	76.608	198951360.58252	1969815.45128472
76.72	94.4687317651453	0.231438933835154	76.72	207462075.183146	2054079.95228207
76.832	94.7602165011481	0.232723219533429	76.832	216349442.879683	2142073.69185275
76.944	95.0522892624107	0.234014377815667	76.944	225630651.947507	2233966.85094108
77.056	95.3449512651767	0.235312435253049	77.056	235323697.312441	2329937.59712949
77.168	95.6382037314116	0.236617418483822	77.168	245447419.397173	2430172.46925644
77.28	95.9320478888165	0.237929354213167	77.28	256021544.883892	2534866.781007
77.392	96.2264849708662	0.239248269213371	77.392	267066729.489735	2644225.04443203
77.504	96.5215162168132	0.240574190323578	77.504	278604602.856668	2758461.41440247
77.616	96.817142871726	0.24190714444995	77.616	290657815.662726	2877800.15505728
77.728	97.1133661864956	0.243247158565453	77.728	303250089.066991	3002476.12935768
77.84	97.4101874178642	0.244594259709896	77.84	316406266.606481	3132735.3129177
77.952	97.7076078284392	0.245948474989802	77.952	330152368.669361	3268835.33334294
78.064	98.0056286867271	0.247309831578519	78.064	344515649.675084	3411046.03637058
78.176	98.3042512671475	0.248678356716076	78.176	359524658.099142	3559650.08017377
78.288	98.6034768500473	0.250054077709063	78.288	375209299.486988	3714943.55926197
78.4	98.9033067217446	0.25143702193086	78.4	391600902.609361	3877236.65948408
78.512	99.2037421745208	0.25282721682121	78.512	408732288.919045	4046854.34571914
78.624	99.5047845066698	0.254224689886542	78.624	426637845.477533	4224137.08392254
78.736	99.8064350224996	0.255629468699644	78.736	445353601.528721	4409441.59928137
78.848	100.108695032372	0.257041580899878	78.848	464917308.906143	4603141.67232566
78.96	100.411565852706	0.258461054192856	78.96	485368526.469698	4805628.97493561
79.072	100.715048806013	0.259887916350623	79.072	506748708.778538	5017313.94829093
79.184	101.019145220913	0.261322195211466	79.184	529101299.217023	5238626.72491004
79.296	101.323856432164	0.262763918680017	79.296	552471827.802416	5470018.09704308
79.408	101.629183780675	0.264213114727059	79.408	576908013.914924	5711960.533801
79.52	101.935128613534	0.265669811389592	79.52	602459874.202857	5964949.24952351
79.632	102.241692284029	0.267134036770692	79.632	629179835.929855	6229503.32602883
79.744	102.548876151672	0.268605819039595	79.744	657122856.043997	6506166.89151576
79.856	102.856681582222	0.27008518643155	79.856	686346546.264376	6795510.35904462
79.968	103.165109947698	0.271572167247718	79.968	716911304.495613	7098131.72767108
80.08	103.474162626417	0.273066789855318	80.08	748880452.89736	7414657.94947089
80.192	103.783841003014	0.274569082687492	80.192	782320382.95313	7745746.36586496
80.304	104.09414646845	0.276079074243148	80.304	817300707.900914	8092086.21683343
80.416	104.405080420053	0.277596793087105	80.416	853894422.907158	8454400.22679654
80.528	104.716644261533	0.279122267849914	80.528	892178073.385983	8833446.27114162
80.64	105.028839403006	0.280655527227895	80.64	932231931.886504	9230019.12758269
80.752	105.341667261013	0.282196599982974	80.752	974140183.994022	9644952.3167663
80.864	105.655129258553	0.283745514942815	80.864	1017991123.714	10079120.0367663
80.976	105.9692268251	0.285302301000654	80.976	1063877358.83279	10533439.1963585
81.088	106.283961396632	0.28686698711533	81.088	1111896026.77563	11008871.5522285
81.2	106.599334415637	0.288439602311065	81.2	1162149021.50945	11506425.9555338
81.312	106.915347331163	0.290020175677673	81.312	1214743232.06808	12027160.7135403
81.424	107.232001598823	0.29160873637036	81.424	1269790793.30728	12572186.0723444
81.536	107.549298680827	0.293205313609736	81.536	1327409349.53009	13142666.827026
81.648	107.867240046003	0.294809936681752	81.648	1387722331.65706	13739825.065907
81.76	108.185827169816	0.296422634937572	81.76	1450859248.65153	14364943.0559515
81.872	108.505061534407	0.298043437793761	81.872	1516955993.94909	15019366.2767196
81.984	108.824944628596	0.299672374731929	81.984	1586155167.67896	15704506.6106789
82.096	109.145477947932	0.30130947529904	82.096	1658606415.50916	16421845.6981067
82.208	109.466662994692	0.302954769107067	82.208	1734466784.99013	17172938.4652453
82.32	109.788501277918	0.304608285833066	82.32	1813901100.3196	17959416.8348441
82.432	110.110994313445	0.306270055219188	82.432	1897082356.50067	18782993.6287162
82.544	110.434143623919	0.307940107072587	82.544	1984192133.91769	19645466.6724492
82.656	110.757950738817	0.309618471265307	82.656	2075421034.40873	20548723.1129547
82.768	111.082417194492	0.31130517773446	82.768	2170969139.97336	21494743.9601294
82.88	111.40754453417	0.313000256481868	82.88	2271046495.31373	22485608.8644896
82.992	111.733334307992	0.314703737574259	82.992	2375873615.47357	23523501.1433
83.104	112.059788073046	0.316415651143237	83.104	2485682019.90673	24610713.0683809
83.216	112.386907393368	0.318136027385027	83.216	2600714794.37987	25749651.4295012
83.328	112.714693839987	0.319864896560642	83.328	2721227182.189	26942843.3880075
83.44	113.043148990946	0.32160228899579	83.44	2847487206.25093	28192942.6361456
83.552	113.372274431329	0.323348235080838	83.552	2979776323.71445	29502735.8783587
83.664	113.702071753274	0.325102765270665	83.664	3118390114.82565	30875149.651737
83.776	114.032542556014	0.326865910084784	83.776	3263639007.87639	32313257.5037246
83.888	114.363688445895	0.328637700107209	83.888	3415849042.16417	33820287.5461781
84	114.695511036404	0.330418165986454	84	3575362670.99643	35399630.4059034
84.112	115.028011948189	0.332207338435413	84.112	3742539606.88371	37054847.5929063
84.224	115.361192809101	0.334005248231554	84.224	3917757711.18263	38789680.3087373
84.336	115.695055254199	0.335811926216574	84.336	4101413930.57336	40608058.7185465
84.448	116.029600925787	0.337627403296542	84.448	4293925282.88604	42514111.7117414
84.56	116.364831473445	0.339451710441886	84.56	4495729894.92997	44512177.177523
84.672	116.700748554041	0.341284878687228	84.672	4707288095.12195	46606812.8229881
84.784	117.037353831772	0.343126939131458	84.784	4929083563.86558	48802807.5630242
84.896	117.374648978182	0.344977922937686	84.896	5161624544.79471	51105193.5128176
85.008	117.712635672192	0.346837861333178	85.008	5405445120.16517	53519258.6154955
85.12	118.051315600124	0.348706785609338	85.12	5661106553.85912	56050559.939198
85.232	118.390690455731	0.350584727121649	85.232	5929198705.65693	58704937.6797705
85.344	118.730761940218	0.352471717289667	85.344	6210341520.63418	61488529.907268
85.456	119.071531762279	0.354367787597043	85.456	6505186597.75192	64407788.0965526
85.568	119.413001638113	0.356272969591351	85.568	6814418841.93349	67469493.484489
85.68	119.755173291456	0.358187294884181	85.68	7138758204.16004	70680774.2986133
85.792	120.098048453609	0.360110795151049	85.792	7478961514.36462	74049123.9045993
85.904	120.441628863472	0.362043502131493	85.904	7835824412.17053	77582419.9224796
86.016	120.78591626755	0.363985447628755	86.016	8210183380.79958	81288944.3643514
86.128	121.130912420003	0.365936663510071	86.128	8602917889.76988	85177404.849206
86.24	121.476619082669	0.367897181706535	86.24	9014952652.31704	89256956.9536333
86.352	121.823038025075	0.369867034212909	86.352	9447260003.7953	93537227.7603488
86.464	122.170171024493	0.371846253087891	86.464	9900862407.67444	98028340.6700433
86.576	122.518019865936	0.373834870453761	86.576	10376835096.105	102740941.545594
86.688	122.866586342224	0.37583291849681	86.688	10876308852.419	107686226.261574
86.8	123.215872253968	0.377840429466732	86.8	11400472943.3408	112875969.736047
86.912	123.565879409637	0.379857435677123	86.912	11950578209.1222	118322556.525962
87.024	123.91660962556	0.381883969505094	87.024	12527940320.2639	124039013.071919
87.136	124.268064725969	0.383920063391485	87.136	13133943209.9796	130039041.682966
87.248	124.620246543026	0.385965749840763	87.248	13770042692.0696	136337056.357124
87.36	124.973156916843	0.388021061420951	87.36	14437770274.4026	142948220.538639
87.472	125.326797695521	0.390086030763712	87.472	15138737178.7907	149888486.918719
87.584	125.681170735172	0.392160690564233	87.584	15874638578.6365	157174639.39244
87.696	126.036277899947	0.394245073581213	87.696	16647258066.3718	164824337.29081
87.808	126.392121062075	0.396339212636974	87.808	17458472363.388	172856162.013742
87.92	126.748702101883	0.398443140617312	87.92	18310256285.8666	181289666.196698
88.032	127.106022907825	0.400556890471522	88.032	19204687980.6766	190145425.551253
88.144	127.464085376518	0.402680495212411	88.144	20143954446.2991	199445093.527714
88.256	127.822891412761	0.404813987916183	88.256	21130357354.5969	209211458.956405
88.368	128.182442929581	0.406957401722644	88.368	22166319190.1116	219468506.832788
88.48	128.54274184824	0.409110769834903	88.48	23254389724.5498	230241482.421285
88.592	128.90379009829	0.411274125519646	88.592	24397252845.0897	241556958.862274
88.704	129.265589617583	0.413447502106916	88.704	25597733756.2017	253442908.477244
88.816	129.628142352307	0.415630932990179	88.816	26858806575.805	265928777.978267
88.928	129.991450257026	0.417824451626419	88.928	28183602347.7417	279045567.799422
89.04	130.355515294693	0.420028091535921	89.04	29575417493.8163	292825915.780359
89.152	130.72033943669	0.422241886302413	89.152	31037722729.9561	307304185.445109
89.264	131.085924662867	0.424465869573129	89.264	32574172472.4471	322516559.133139
89.376	131.452272961549	0.426700075058557	89.376	34188614761.689	338501136.254346
89.488	131.819386329591	0.428944536532693	89.488	35885101732.4498	355298036.954949
89.6	132.187266772395	0.43119928783293	89.6	37667900661.2843	372949511.497864
89.712	132.555916303942	0.433464362860021	89.712	39541505623.5007	391500055.678225
89.824	132.925336946832	0.435739795578201	89.824	41510649793.9337	410996532.613205
89.936	133.295530732297	0.438025620014992	89.936	43580318427.7256	431488301.26461
90.048	133.666499700261	0.440321870261548	90.048	45755762559.3823	453027352.073092
90.16	134.038245899335	0.44262858047219	90.16	48042513460.5914	475668450.104865
90.272	134.41077138688	0.444945784864873	90.272	50446397899.5801	499469286.134457
90.384	134.784078229025	0.447273517720913	90.384	52973554247.2413	524490636.1113
90.496	135.158168500697	0.449611813385115	90.496	55630449477.8987	550796529.484146
90.608	135.533044285654	0.451960706265651	90.608	58423897115.2671	578454426.883833
90.72	135.908707676522	0.454320230834276	90.72	61361076177.1302	607535407.694358
90.832	136.285160774827	0.456690421626232	90.832	64449551175.2976	638114368.072253
90.944	136.662405691014	0.459071313240171	90.944	67697293230.6872	670270230.006804
91.056	137.040444544494	0.461462940338303	91.056	71112702366.8237	704086162.047759
91.168	137.419279463681	0.463865337646513	91.168	74704631048.679	739649812.363159
91.28	137.798912585998	0.46627853995402	91.28	78482409037.689	777053554.828604
91.392	138.179346057935	0.468702582113717	91.392	82455869637.8195	816394748.889302
91.504	138.560582035078	0.471137499042212	91.504	86635377411.9519	857776013.979722
91.616	138.942622682136	0.473583325719647	91.616	91031857452.3765	901305519.33046
91.728	139.325470172967	0.476040097189742	91.728	95656826294.1286	947097290.040877
91.84	139.709126690626	0.478507848559997	91.84	100522424564.948	995271530.346018
91.952	140.093594427393	0.480986615001604	91.952	105641451471.188	1045954965.06126
92.064	140.478875584802	0.483476431749458	92.064	111027401224.706	1099281200.24461
92.176	140.864972373681	0.485977334102282	92.176	116694501521.905	1155391104.17727
92.288	141.251887014182	0.488489357422559	92.288	122657754192.551	1214433209.82724
92.4	141.639621735812	0.491012537136598	92.4	128932978142.909	1276564140.0288
92.512	142.028178777472	0.493546908734614	92.512	135536854724.876	1341949056.68194
92.624	142.417560387491	0.496092507770721	92.624	142486975670.632	1410762135.35279
92.736	142.807768823656	0.498649369862986	92.736	149801893740.358	1483187066.73622
92.848	143.198806353251	0.501217530693487	92.848	157501176239.281	1559417586.52753
92.96	143.590675253088	0.503797026008338	92.96	165605461569.378	1639658035.34038
93.072	143.983377809538	0.506387891617644	93.072	174136518990.876	1724123950.40471
93.184	144.376916318582	0.508990163395826	93.184	183117311778.763	1813042690.87884
93.296	144.771293085819	0.511603877281279	93.296	192572063970.62	1906654098.71901
93.408	145.166510426526	0.51422906927673	93.408	202526330913.437	2005211197.16275
93.52	145.562570665686	0.516865775449251	93.52	213007073829.383	2108980929.00379
93.632	145.95947613801	0.519514031930095	93.632	224042738633.376	2218244936.96412
93.744	146.357229187986	0.522173874914957	93.744	235663339249.096	2333300388.60491
93.856	146.755832169921	0.524845340664092	93.856	247900545684.536	2454460848.36174
93.968	147.155287447952	0.527528465502097	93.968	260787777143.608	2582057199.44167
94.08	147.555597396101	0.530223285818168	94.08	274360300466.761	2716438618.48279
94.192	147.956764398319	0.532929838066307	94.192	288655334210.613	2857973606.04567
94.304	148.358790848493	0.535648158764979	94.304	303712158695.299	3007051076.19108
94.416	148.761679150503	0.538378284497511	94.416	319572232367.333	3164081508.58745
94.528	149.165431718258	0.54112025191206	94.528	336279314846.694	3329498166.79895
94.64	149.570050975726	0.543874097721707	94.64	353879597048.463	3503758386.61845
94.752	149.97553935697	0.546639858704427	94.752	372421838792.658	3687344938.54116
94.864	150.381899306196	0.549417571703392	94.864	391957514340.438	3880767468.71721
94.976	150.789133277772	0.552207273626772	94.976	412540966320.933	4084564022.97953
95.088	151.197243736276	0.555009001447942	95.088	434229568540.473	4299302658.81656
95.2	151.606233156541	0.557822792205702	95.2	457083898195.346	4525583150.44898
95.312	152.016104023671	0.560648683004069	95.312	481167918040.422	4764038792.47942
95.424	152.426858833094	0.563486711012581	95.424	506549169098.563	5015338307.90656
95.536	152.838500090596	0.566336913466313	95.536	533298974531.071	5280187866.64427
95.648	153.251030312366	0.569199327666042	95.648	561492655326.216	5559333221.05164
95.76	153.664452025014	0.572073990978151	95.76	591209758502.281	5853561965.36912
95.872	154.078767765629	0.574960940834948	95.872	622534298563.251	6163705926.36883
95.984	154.493980081809	0.577860214734612	95.984	655555012989.408	6490643692.96443
96.096	154.910091531697	0.580771850241329	96.096	690365632592.285	6835303292.99292
96.208	155.327104684022	0.583695884985397	96.208	727065167612.645	7198665025.86777
96.32	155.745022118147	0.586632356663439	96.32	765758210493.571	7581764460.33239
96.432	156.163846424081	0.589581303038203	96.432	806555256316.462	7985695607.09368
96.544	156.583580202558	0.592542761939137	96.544	849573041946.848	8411614276.70146
96.656	157.004226065033	0.595516771261984	96.656	894934905000.854	8860741633.67182
96.768	157.425786633751	0.598503368969262	96.768	942771163809.063	9334367958.50557
96.88	157.848264541784	0.601502593090327	96.88	993219519626.151	9833856629.96189
96.992	158.271662433047	0.604514481721257	96.992	1046425482410.13	10360648340.6943
97.104	158.695982962372	0.607539073025332	97.104	1102542821574.21	10916265560.1407
97.216	159.121228795513	0.610576405232755	97.216	1161734043200.07	11502317259.4067
97.328	159.547402609217	0.613626516641178	97.328	1224170895291.01	12120503913.7724
97.44	159.974507091245	0.616689445615545	97.44	1290034902738.87	12772622799.3948
97.552	160.402544940415	0.619765230588309	97.552	1359517933780.51	13460573601.7872
97.664	160.831518866649	0.622853910059602	97.664	1432822799826.98	14186364354.7226
97.776	161.261431591005	0.625955522597319	97.776	1510163890663.13	14952117729.3379
97.888	161.692285845727	0.629070106837279	97.888	1591767847136.85	15760077694.4242
98	162.124084374278	0.63219770148338	98	1677874273585.54	16612616570.1539
98.112	162.556829931387	0.635338345307716	98.112	1768736492385.39	17512242498.8652
98.224	162.990525283083	0.638492077150683	98.224	1864622343152.12	18461607357.9418
98.336	163.425173206745	0.641658935921235	98.336	1965815029279.59	19463515141.3821
98.448	163.860776491137	0.644838960596929	98.448	2072614014662.63	20520930838.2438
98.56	164.297337936453	0.648032190224146	98.56	2185335973627.29	21636989837.894
98.672	164.734860354355	0.651238663918182	98.672	2304315797275.29	22815007893.8147
98.784	165.173346568026	0.654458420863545	98.784	2429907659645.24	24058491679.6558
98.896	165.612799412193	0.657691500313857	98.896	2562486147303.34	25371149973.3004
99.008	166.053221733192	0.660937941592368	99.008	2702447456194.63	26756905506.8775
99.12	166.494616388989	0.664197784091764	99.12	2850210659824.32	28219907523.0131
99.232	166.936986249241	0.667471067274658	99.232	3006219053086.1	29764545080.0604
99.344	167.380334195323	0.670757830673444	99.344	3170941576319.83	31395461151.6815
99.456	167.824663120387	0.674058113890827	99.456	3344874324464.11	33117567568.9516
99.568	168.269975929392	0.677371956599688	99.568	3528542146467.26	34936060856.1115
99.68	168.71627553915	0.680699398543381	99.68	3722500340438.56	36856439014.2432
99.792	169.16356487838	0.684040479536038	99.792	3927336450359.79	38884519310.493
99.904	169.611846887733	0.687395239462517	99.904	4143672170536.55	41026457134.0253
100.016	170.061124519859	0.69076371827887	100.016	4372165364348.55	43288765983.649
100.128	170.511400739423	0.694145956012177	100.128	4613512204265.69	45678338656.096
100.24	170.962678523183	0.697541992761183	100.24	4868449440526.53	48202469708.1835
100.352	171.414960859998	0.700951868696054	100.352	5137756806332.07	50868879270.6145
100.464	171.86825075091	0.704375624059023	100.464	5422259567897.53	53685738296.0151
100.576	172.322551209151	0.707813299164109	100.576	5722831228219.03	56661695328.9013
100.688	172.77786526022	0.71126493439777	100.688	6040396393962.23	59805904890.7151
100.8	173.234195941909	0.714730570218835	100.8	6375933815466.56	63128057578.8769
100.912	173.691546304357	0.71821024715883	100.912	6730479610474	66638411984.8911
101.024	174.149919410086	0.721704005822126	101.024	7105130682859.53	70347828543.1636
101.136	174.609318334064	0.725211886886306	101.136	7501048348333.84	74267805429.0479
101.248	175.069746163728	0.72873393110213	101.248	7919462179840.39	78410516632.0831
101.36	175.531205999055	0.732270179294097	101.36	8361674086160.53	82788852338.2231
101.472	175.993700952583	0.735820672360327	101.472	8829062638080.96	87416461763.1778
101.584	176.457234149484	0.739385451273161	101.584	9323087657381.1	92307798587.9316
101.696	176.921808727578	0.74296455707894	101.696	9845295084840.04	97478169156.8321
101.808	177.387427837412	0.7465580308987	101.808	10397322144491.8	102943783608.83
101.92	177.854094642295	0.750165913928204	101.92	10980902822419.4	108721810122.964
102.032	178.321812318335	0.753788247438158	102.032	11597873679537.3	114830432470.666
102.144	178.790584054496	0.757425072774452	102.144	12250180019023.3	121288911079.439
102.256	179.260413052645	0.761076431358537	102.256	12939882430363.6	128117647825.382
102.368	179.731302527602	0.7647423646876	102.368	13669163733346.8	135338254785.612
102.48	180.203255707186	0.768422914334863	102.48	14440336346818.2	142973627196.22
102.592	180.676275832257	0.772118121949766	102.592	15255850108557.8	151048020876.81
102.704	181.150366156766	0.775828029258233	102.704	16118300574311.1	159587134399.12
102.816	181.625529947818	0.779552678063101	102.816	17030437825769.6	168618196294.749
102.928	182.101770485704	0.783292110244277	102.928	17995175819163.4	178170057615.479
103.04	182.579091063954	0.787046367758929	103.04	19015602308150.1	188273290179.704
103.152	183.057494989388	0.790815492641927	103.152	20094989376783.8	198960290859.245
103.264	183.536985582167	0.79459952700605	103.264	21236804620635.6	210265392283.521
103.376	184.017566175836	0.79839851304223	103.376	22444723016524.8	222224980361.632
103.488	184.499240117384	0.802212493019962	103.488	23722639523900	234877619048.514
103.6	184.982010767288	0.806041509287563	103.6	25074682463613.1	248264182808.051
103.712	185.465881499549	0.809885604272215	103.712	26505227722763	262427997255.079
103.824	185.95085570178	0.813744820480811	103.824	28018913837333.6	277414988488.451
103.936	186.436936775212	0.817619200499674	103.936	29620658007674.9	293273841660.148
104.048	186.924128134777	0.821508786995241	104.048	31315673105351.8	310056169359.919
104.16	187.412433209144	0.825413622714253	104.16	33109485733614.5	327816690431.827
104.272	187.901855440771	0.829333750484023	104.272	35007955407705.2	346613419878.269
104.384	188.392398285969	0.833269213212968	104.384	37017294925446.9	366507870548.98
104.496	188.884065214924	0.837220053890473	104.496	39144092003026.9	387565267356.702
104.608	189.376859711788	0.841186315587838	104.608	41395332255703.6	409854774808.946
104.72	189.870785274699	0.845168041458079	104.72	43778423608219.3	433449738695.241
104.832	190.365845415851	0.84916527473658	104.832	46301222225158.5	458427942823.351
104.944	190.862043661544	0.853178058741357	104.944	48972060057214.5	484871881754.599
105.056	191.359383552221	0.857206436873189	105.056	51799774105544	512869050549.941
105.168	191.857868642546	0.861250452616342	105.168	54793737512848.5	542512252602.46
105.28	192.357502501431	0.865310149538535	105.28	57963892596865.8	573899926701.642
105.392	192.858288712117	0.869385571291634	105.392	61320785949320.3	607136494547.726
105.504	193.360230872202	0.873476761611755	105.504	64875605731316.1	642332730013.03
105.616	193.863332593709	0.877583764319753	105.616	68640221304583.3	679606151530.527
105.728	194.367597503136	0.881706623321544	105.728	72627225346894.3	719081439078.162
105.84	194.873029241514	0.885845382608508	105.84	76849978609610	760890877322.871
105.952	195.379631464449	0.890000086257748	105.952	81322657485403	805174826588.148
106.064	195.887407842197	0.894170778432713	106.064	86060304565098.3	852082223416.815
106.176	196.396362059694	0.898357503383238	106.176	91078882374076.4	901771112614.618
106.288	196.906497816638	0.902560305446271	106.288	96395330491032.2	954409212782.497
106.4	197.417818827517	0.906779229045966	106.4	102027626264926	1010174517474.51
106.512	197.930328821685	0.911014318694278	106.512	107994849359981	1069255934257.23
106.624	198.444031543414	0.915265618991329	106.624	114317250373416	1131853964093.23
106.736	198.95893075194	0.919533174625717	106.736	121016323786481	1198181423628.53
106.848	199.475030221526	0.923817030374963	106.848	128114885526235	1268464213131.04
106.96	199.992333741521	0.928117231105965	106.96	135637155433520	1342942133005.15
107.072	200.510845116416	0.932433821775403	107.072	143608844951761	1421869751997.63
107.184	201.030568165886	0.936766847429998	107.184	152057250371665	1505517330412.52
107.296	201.551506724873	0.941116353207219	107.296	161011351988695	1594171801868.26
107.408	202.073664643624	0.945482384335461	107.408	170501919553384	1688137817360.23
107.52	202.597045787757	0.949864986134636	107.52	180561624419360	1787738855637.23
107.632	203.121654038314	0.954264204016485	107.632	191225158820315	1893318404161.53
107.744	203.647493291821	0.958680083485059	107.744	202529362735227	2005241215200.27
107.856	204.174567460343	0.963112670137152	107.856	214513358831301	2123894641894.07
107.968	204.702880471554	0.967562009662845	107.968	227218696005803	2249690059463.39
108.08	205.232436268783	0.972028147845814	108.08	240689502082306	2383064377052.54
108.192	205.763238811076	0.976511130563838	108.192	254972646253063	2524481646069.93
108.304	206.295292073262	0.981011003789294	108.304	270117911897944	2674434771266.78
108.416	206.828600045999	0.985527813589537	108.416	286178180451882	2833447331206.75
108.528	207.363166735855	0.990061606127541	108.528	303209627036516	3002075515213.03
108.64	207.898996165339	0.994612427662064	108.64	321271928619130	3180910184347.82
108.752	208.436092372998	0.999180324548557	108.752	340428485511560	3370579064470.89
108.864	208.974459413431	1.00376534323909	108.864	360746657075808	3571749079958.5
108.976	209.514101357396	1.00836753028337	108.976	382298012559453	3785128837222.31
109.088	210.055022291845	1.01298693232898	109.088	405158598045271	4011471267774.96
109.2	210.597226319982	1.01762359612174	109.2	429409220564027	4251576441227.99
109.312	211.14071756135	1.02227756850659	109.312	455135750488631	4506294559293.38
109.424	211.68550015186	1.02694889642768	109.424	482429443401679	4776529142590.88
109.536	212.231578243879	1.03163762692913	109.536	511387282707070	5063240422842.28
109.648	212.778956006278	1.03634380715548	109.648	542112344340442	5367448953865.77
109.76	213.327637624498	1.04106748435215	109.76	574714185022598	5690239455669.29
109.872	213.877627300618	1.04580870586606	109.872	609309255595978	6032764906890.87
109.984	214.428929253407	1.05056751914601	109.984	646021341085689	6396250901838.5
110.096	214.981547718395	1.05534397174334	110.096	684982029236393	6782000289469.24
110.208	215.535486947946	1.06013811131254	110.208	726331209391213	7191398112784.29
110.32	216.090751211296	1.06494998561145	110.32	770217603704012	7625916868356.56
110.432	216.647344794649	1.06977964250229	110.432	816799332807658	8087122107006.51
110.544	217.205272001203	1.07462712995161	110.544	866244518202782	8576678398047.35
110.656	217.764537151257	1.07949249603146	110.656	918731923781820	9096355681008.12
110.768	218.325144582244	1.08437578891949	110.768	974451639063716	9648036030333.82
110.88	218.887098648813	1.08927705689976	110.88	1.03360580688717E15	10233720860269
110.992	219.450403722881	1.09419634836315	110.992	1.0964093984922E15	10855538598932.7
111.104	220.015064193722	1.09913371180813	111.104	1.16309103911691E15	11515752862543.7
111.216	220.581084467999	1.10408919584105	111.216	1.23389388744358E15	12216771162807.7
111.328	221.148468969859	1.10906284917695	111.328	1.30907657245259E15	12961154182698.9
111.44	221.717222140994	1.11405472064013	111.44	1.38891419147934E15	13751625658211.3
111.552	222.287348440695	1.11906485916461	111.552	1.47369937352436E15	14591082906181.7
111.664	222.858852345931	1.12409331379482	111.664	1.56374341213771E15	15482608040967.4
111.776	223.431738351405	1.12914013368605	111.776	1.65937747248863E15	16429479925630
111.888	224.006010969653	1.13420536810551	111.888	1.76095387754023E15	17435186906338.9
112	224.581674731061	1.13928906643223	112	1.86884747858014E15	18503440381981.5
112.112	225.158734183973	1.1443912781582	112.112	1.98345711571062E15	19638189264461.6
112.224	225.73719389475	1.14951205288887	112.224	2.10520717427747E15	20843635388885.8
112.336	226.317058447838	1.15465144034378	112.336	2.23454924362098E15	22124249936841.4
112.448	226.898332445821	1.15980949035691	112.448	2.37196388496118E15	23484790940209.7
112.56	227.481020509523	1.16498625287784	112.56	2.51796251568789E15	24930321937503.8
112.672	228.065127278046	1.17018177797187	112.672	2.67308941781888E15	26466231859592.9
112.784	228.650657408865	1.17539611582102	112.784	2.83792387890992E15	28098256226830.9
112.896	229.237615577877	1.18062931672449	112.896	3.01308247426433E15	29832499745191.4
113.008	229.82600647948	1.18588143109926	113.008	3.19922149988179E15	31675460394869.2
113.12	230.415834826662	1.19115250948109	113.12	3.3970395662326E15	33634055111213.8
113.232	231.007105351036	1.19644260252469	113.232	3.60728036361723E15	35715647164527
113.344	231.599822802945	1.20175176100481	113.344	3.83073561060793E15	37928075352553.8
113.456	232.193991951514	1.20708003581668	113.456	4.06824819784344E15	40279685127162.8
113.568	232.789617584724	1.21242747797664	113.568	4.3207155402828E15	42779361784978.3
113.68	233.386704509501	1.21779413862314	113.68	4.58909315191233E15	45436565860518.1
113.792	233.98525755176	1.22318006901696	113.792	4.87439845785236E15	48261370869825.3
113.904	234.585281556508	1.22858532054234	113.904	5.17771485982586E15	51264503562632.3
114.016	235.186781387898	1.23400994470743	114.016	5.50019607203534E15	54457386851835.1
114.128	235.789761929307	1.23945399314501	114.128	5.84307074566021E15	57852185600596.1
114.24	236.394228083417	1.24491751761329	114.24	6.20764740141912E15	61461855459595.2
114.352	237.000184772275	1.25040056999651	114.352	6.59531969097905E15	65300194960188.6
114.464	237.607636937383	1.25590320230573	114.464	7.0075720094007E15	69381901083175.2
114.576	238.216589539765	1.26142546667957	114.576	7.44598548232982E15	73722628537919
114.688	238.827047560041	1.26696741538486	114.688	7.9122443532665E15	78339053002638.6
114.8	239.439015998501	1.27252910081732	114.8	8.40814279797142E15	83248938593776.5
114.912	240.052499875201	1.27811057550264	114.912	8.93559219492549E15	88471209850747.5
115.024	240.667504230008	1.28371189209674	115.024	9.49662888273431E15	94026028541923.8
115.136	241.284034122693	1.28933310338679	115.136	1.00934224374936E16	99934875618748.3
115.248	241.902094633008	1.29497426229192	115.248	1.07282845053851E16	106220638667179
115.36	242.521690860769	1.30063542186408	115.36	1.14036782282096E16	112907705229798
115.472	243.142827925918	1.30631663528856	115.472	1.21222283021331E16	120022062397358
115.584	243.765510968604	1.31201795588488	115.584	1.28867317127106E16	127591403096145
115.696	244.389745149283	1.31773943710774	115.696	1.37001691922037E16	135645239526769
115.808	245.015535648766	1.32348113254748	115.808	1.4565717448373E16	144215024241317
115.92	245.642887668313	1.32924309593104	115.92	1.54867622173256E16	153334279379462
116.032	246.27180642972	1.33502538112285	116.032	1.64669121966129E16	163038734619930
116.144	246.902297175377	1.3408280421253	116.144	1.75100139186533E16	173366474442112
116.256	247.534365168367	1.34665113307987	116.256	1.86201676287047E16	184358095333710
116.368	248.168015692536	1.35249470826774	116.368	1.98017442360475E16	196056873624233
116.48	248.803254052585	1.35835882211076	116.48	2.10594034117814E16	208508944671103
116.592	249.440085574136	1.36424352917208	116.592	2.23981129117243E16	221763494175488
116.704	250.078515603821	1.37014888415707	116.704	2.3823169208333E16	235872962458743
116.816	250.718549509361	1.3760749419141	116.816	2.5340219521379E16	250893262587911
116.928	251.360192679653	1.38202175743546	116.928	2.69552853433386E16	266884013300382
117.04	252.003450524854	1.38798938585819	117.04	2.86747875621042E16	283908787743606
117.152	252.648328476444	1.39397788246466	117.152	3.05055732907676E16	302035379116511
117.264	253.294831987342	1.39998730268392	117.264	3.24549445218231E16	321336084374486
117.376	253.94296653195	1.40601770209193	117.376	3.45306887313397E16	341888007240987
117.488	254.59273760628	1.41206913641305	117.488	3.67411115673336E16	363773381854788
117.6	255.244150728006	1.41814166152048	117.6	3.90950717659767E16	387079918475016
117.712	255.897211436551	1.42423533343715	117.712	4.16020184492419E16	411901172764772
117.824	256.551925293192	1.43035020833685	117.824	4.42720309683118E16	438336940280315
117.936	257.208297881127	1.43648634254488	117.936	4.71158614685675E16	466493677906609
118.048	257.866334805562	1.44264379253896	118.048	5.01449803641965E16	496484954100955
118.16	258.526041693809	1.44882261495028	118.16	5.33716249236721E16	528431929937347
118.272	259.187424195361	1.45502286656421	118.272	5.68088511813545E16	562463873082718
118.384	259.850487981975	1.46124460432121	118.384	6.04705894056018E16	598718706986156
118.496	260.515238747784	1.46748788531804	118.496	6.43717033698374E16	637343597721163
118.608	261.181682209344	1.47375276680814	118.608	6.85280536903731E16	678495581092803
118.72	261.84982410576	1.480039306203	118.72	7.2956565513206E16	722342232804020
118.832	262.519670198753	1.48634756107295	118.832	7.7675300851872E16	769062384672000
118.944	263.191226272762	1.49267758914806	118.944	8.27035358996413E16	818846890095458
119.056	263.864498135002	1.49902944831885	119.056	8.80618436620339E16	871899442198356
119.168	264.539491615607	1.50540319663784	119.168	9.37721822799942E16	928437448316775
119.28	265.216212567663	1.5117988923198	119.28	9.98579894401151E16	988692964753615
119.392	265.894666867343	1.5182165937432	119.392	1.06344283296246E17	1.05291369600244E15
119.504	266.57486041397	1.52465635945094	119.504	1.13257770356658E17	1.1213640629372E15
119.616	267.256799130113	1.53111824815128	119.616	1.20626960823023E17	1.19432634478241E15
119.728	267.94048896169	1.53760231871898	119.728	1.28482291901835E17	1.27210190001817E15
119.84	268.625935878048	1.54410863019617	119.84	1.36856259645478E17	1.3550124717374E15
119.952	269.313145872057	1.55063724179327	119.952	1.4578355991981E17	1.44340158336446E15
120.064	270.002124960207	1.55718821289014	120.064	1.55301239137034E17	1.53763603105974E15
120.176	270.692879182702	1.56376160303695	120.176	1.6544885543814E17	1.63810747958554E15
120.288	271.38541460354	1.57035747195517	120.288	1.76268651057373E17	1.74523416888488E15
120.4	272.079737310615	1.57697587953853	120.4	1.87805736653345E17	1.85946273914203E15
120.512	272.775853415829	1.58361688585432	120.512	2.00108288446888E17	1.98127018264246E15
120.624	273.473769055151	1.59028055114402	120.624	2.13227759065418E17	2.11116593134077E15
120.736	274.173490388739	1.59696693582449	120.736	2.27219103057555E17	2.24969408967877E15
120.848	274.875023601028	1.60367610048911	120.848	2.42141018110021E17	2.39743582287149E15
120.96	275.578374900824	1.61040810590861	120.96	2.58056203072591E17	2.55501191160982E15
121.072	276.283550521394	1.61716301303214	121.072	2.75031633975156E17	2.72308548490253E15
121.184	276.990556720579	1.62394088298847	121.184	2.93138859305584E17	2.90236494361965E15
121.296	277.699399780885	1.630741777087	121.296	3.12454315907413E17	3.09360708819221E15
121.408	278.410086009559	1.63756575681851	121.408	3.33059666953174E17	3.29762046488291E15
121.52	279.122621738726	1.64441288385672	121.52	3.55042163553274E17	3.51526894607202E15
121.632	279.837013325448	1.65128322005888	121.632	3.78495031671588E17	3.74747556110483E15
121.744	280.553267151857	1.65817682746724	121.744	4.03517886138436E17	3.99522659543006E15
121.856	281.271389625227	1.66509376830985	121.856	4.30217173679572E17	4.25957597702547E15
121.968	281.991387178088	1.67203410500173	121.968	4.58706647017331E17	4.54164997046863E15
122.08	282.713266268323	1.67899790014603	122.08	4.89107872246886E17	4.84265220046422E15
122.192	283.437033379268	1.68598521653502	122.192	5.21550771849172E17	5.16386902820962E15
122.304	284.162695019821	1.69299611715136	122.304	5.56174205870317E17	5.50667530564671E15
122.416	284.890257724519	1.70003066516888	122.416	5.93126593980177E17	5.87254053445719E15
122.528	285.619728053667	1.70708892395406	122.528	6.32566581316318E17	6.26303545857741E15
122.64	286.351112593435	1.71417095706699	122.64	6.74663751229201E17	6.6798391210812E15
122.752	287.084417955944	1.72127682826244	122.752	7.19599388268345E17	7.12474641849847E15
122.864	287.819650779381	1.72840660149101	122.864	7.67567294989012E17	7.59967618801002E15
122.976	288.55681772812	1.73556034090053	122.976	8.18774666417797E17	8.10667986552274E15
123.088	289.29592549278	1.74273811083666	123.088	8.73443026290634E17	8.64795075535281E15
123.2	290.036980790379	1.74993997584463	123.2	9.31809229474684E17	9.22583395519489E15
