0	1	1	0	1	1
0.112	1.01959348037975	0.980791588652973	0.112	1.11847862480688	0.894127701498254
0.224	1.03957770216933	0.961962569549057	0.224	1.25061044244275	0.799810139138267
0.336	1.059958330351	0.943507264470744	0.336	1.39742013608915	0.71600846403715
0.448	1.0807410195363	0.925419996751244	0.448	1.55989386212517	0.641712927731439
0.56	1.10193141099831	0.907695094237297	0.56	1.7389649841038	0.575957174267982
0.672	1.12353512972711	0.890326892238289	0.672	1.93550257950699	0.517829769946718
0.784	1.14555778150889	0.87330973645056	0.784	2.15030308862454	0.466482601240482
0.896	1.16800495003243	0.856637985849252	0.896	2.38408515060209	0.421136095866308
1.008	1.19088219403129	0.840306015544744	1.008	2.63748739923229	0.381081494294511
1.12	1.21419504447482	0.824308219603909	1.12	2.91106880053332	0.345680589616973
1.232	1.23794900179515	0.808639013815638	1.232	3.20531101263023	0.314363455137091
1.344	1.26214953317528	0.793292838412228	1.344	3.52062222586764	0.286624701639157
1.456	1.28680206988802	0.778264160729128	1.456	3.85734197719611	0.262018770195828
1.568	1.31191200470101	0.763547477806724	1.568	4.21574650486192	0.240154694318399
1.68	1.3374846893455	0.749137318924222	1.68	4.59605429726494	0.220690677471862
1.792	1.36352543205468	0.735028248062977	1.792	4.99843157831678	0.20332874344016
1.904	1.39003949518018	0.721214866298821	1.904	5.4229975514335	0.187809637238213
2.016	1.41703209288079	0.707691814112538	2.016	5.86982929070138	0.173908087879074
2.128	1.44450838889859	0.694453773623999	2.128	6.33896621945214	0.161428492538181
2.24	1.47247349441376	0.681495470738348	2.24	6.83041415455143	0.150201043621283
2.352	1.50093246599099	0.668811677209287	2.352	7.34414892101734	0.140078293912806
2.464	1.5298903036103	0.656397212609843	2.464	7.88011955855166	0.130932137998902
2.576	1.5593519487921	0.644246946214371	2.576	8.43825115145943	0.122651178246485
2.688	1.58932228281678	0.632355798788925	2.688	9.01844731828401	0.115138438796753
2.8	1.61980612503348	0.620718744284342	2.8	9.62059239876866	0.10830938968664
2.912	1.65080823126955	0.609330811437534	2.912	10.2445533748775	0.1020902441359
3.024	1.68233329233167	0.598187085274151	3.024	10.8901815602747	0.0964164943106175
3.136	1.71438593260769	0.587282708517468	3.136	11.5573140897004	0.0912316538819852
3.248	1.7469707087628	0.576612882899381	3.248	12.2457752363298	0.0864861789904061
3.36	1.78009210853176	0.566172870374738	3.36	12.9553775819214	0.0821365425456218
3.472	1.81375454960807	0.555957994240144	3.472	13.6859230613633	0.0781444399519286
3.584	1.84796237863356	0.545963640160217	3.584	14.4372039003141	0.0744761072680425
3.696	1.88271987027052	0.536185257092914	3.696	15.2090034620135	0.071101735439795
3.808	1.91803122638104	0.526618358129119	3.808	16.0010970169656	0.0679949665700822
3.92	1.95390057528871	0.517258521235159	3.92	16.8132524472267	0.0651324602330523
4.032	1.99033197113657	0.508101389908146	4.032	17.6452308951532	0.062493519598364
4.144	2.02732939333009	0.499142673741038	4.144	18.4967873650735	0.0600597686600775
4.256	2.06489674606985	0.490378148902544	4.256	19.3676712849295	0.057814873159546
4.368	2.10303785796376	0.48180365853033	4.368	20.2576270338714	0.0557442989044849
4.48	2.14175648173353	0.473415113047642	4.48	21.166394440869	0.0538351021331699
4.592	2.18105629398124	0.465208490390753	4.592	22.0937092585299	0.0520757473692624
4.704	2.22094089505594	0.45717983617012	4.704	23.0393036157043	0.0504559488968013
4.816	2.26141380897651	0.449325263747837	4.816	24.0029064518504	0.0489665325583419
4.928	2.3024784834435	0.441640954251015	4.928	24.9842439356259	0.0475993150659679
5.04	2.34413828989918	0.434123156506611	5.04	25.9830398698161	0.04634699842979
5.152	2.38639652367817	0.426768186920394	5.152	26.9990160843086	0.0452030774558851
5.264	2.4292564042015	0.419572429283619	5.264	28.0318928185514	0.0441617585627775
5.376	2.47272107524805	0.412532334526175	5.376	29.0813890946853	0.0432178884168117
5.488	2.51679360526901	0.405644420405815	5.488	30.147223082333	0.0423668911004763
5.6	2.56147698776756	0.398905271146913	5.6	31.2291124558383	0.041604712707759
5.712	2.6067741417284	0.392311537026394	5.712	32.3267747445977	0.0409277724159039
5.824	2.65268791209389	0.385859933909693	5.824	33.4399276770198	0.0403329192141062
5.936	2.69922107028913	0.379547242741768	5.936	34.5682895185235	0.0398173935817938
6.048	2.7463763147897	0.373370308994522	6.048	35.7115794038992	0.0393787935046608
6.16	2.7941562717283	0.367326042073259	6.16	36.8695176642713	0.039015044298444
6.272	2.84256349554438	0.361411414687158	6.272	38.0418261488712	0.038724371781573
6.384	2.89160046966317	0.35562346218297	6.384	39.228228541715	0.0385052783963548
6.496	2.94126960720973	0.349959281847131	6.496	40.4284506733169	0.0383565219323299
6.608	2.99157325175471	0.344416032178817	6.608	41.6422208274414	0.0382770965476483
6.72	3.0425136780833	0.338990932134388	6.72	42.8692700429455	0.0382662158244944
6.832	3.09409309299441	0.333681260348681	6.832	44.109332410689	0.0383232976272235
6.944	3.14631363611815	0.328484354332681	6.944	45.362145365474	0.0384479505594033
7.056	3.19917738075716	0.323397609652018	7.056	46.6274499730075	0.0386399618437833
7.168	3.25268633474285	0.318418479086501	7.168	47.9049912117758	0.0388992864664047
7.28	3.30684244130741	0.313544471773927	7.28	49.1945182498039	0.0392260374489751
7.392	3.36164757998034	0.308773152343222	7.392	50.4957847162195	0.039620477127425
7.504	3.41710356747411	0.30410214002883	7.504	51.8085489675253	0.0400830093294429
7.616	3.47321215860958	0.299529107784007	7.616	53.1325743485182	0.0406141723561384
7.728	3.52997504722445	0.295051781378344	7.728	54.4676294477552	0.0412146326838292
7.84	3.58739386710248	0.290667938493072	7.84	55.8134883475006	0.0418851793114896
7.952	3.64547019290354	0.286375407809957	7.952	57.1699308680653	0.042626718687532
8.064	3.70420554109759	0.282172068097242	8.064	58.5367428064569	0.0434402701569324
8.176	3.7636013709025	0.278055847293815	8.176	59.9137161692822	0.0443269618761046
8.288	3.82365908521976	0.274024721592196	8.288	61.3006493998169	0.0452880271486564
8.4	3.88438003157223	0.270076714522824	8.4	62.6973475991893	0.0463248011399037
8.512	3.9457655030392	0.266209896040011	8.512	64.1036227416244	0.0474387179327389
8.624	4.00781673918728	0.26242238161046	8.624	65.5192938836862	0.0486313078908234
8.736	4.07053492700248	0.258712331307335	8.736	66.9441873674952	0.0499041952993434
8.848	4.13392120181155	0.255077948907673	8.848	68.3781370178642	0.0512590962552629
8.96	4.19797664820066	0.251517480996631	8.96	69.8209843333395	0.0526978167831892
9.072	4.26270230092565	0.248029216078038	9.072	71.2725786711327	0.0542222511543975
9.184	4.32809914581988	0.244611483693802	9.184	72.7327774259213	0.0558343803890033
9.296	4.39416812068562	0.241262653549466	9.296	74.2014462025229	0.0575362709229134
9.408	4.46091011618746	0.237981134651333	9.408	75.6784589824483	0.0593300734235505
9.52	4.52832597672587	0.23476537445058	9.52	77.1636982843624	0.061218021739048
9.632	4.59641650130658	0.23161385799895	9.632	78.6570553184501	0.0632024319672909
9.744	4.6651824444008	0.228525107115116	9.744	80.1584301347536	0.0652857016326652
9.856	4.73462451679207	0.225497679561433	9.856	81.6677317655069	0.0674703089592965
9.968	4.80474338640854	0.222530168231545	9.968	83.1848783615194	0.0697588122299757
10.08	4.87553967915268	0.219621200351699	10.08	84.7097973226717	0.0721538492218943
10.192	4.94701397971266	0.21676943669239	10.192	86.2424254226069	0.0746581367104881
10.304	5.01916683236306	0.213973570793165	10.304	87.7827089276685	0.0772744700330858
10.416	5.09199874175141	0.211232328199012	10.416	89.3306037101979	0.0800057227057248
10.528	5.16551017367648	0.208544465711002	10.528	90.8860753562714	0.0828548460859762
10.64	5.2397015558529	0.205908770649072	10.64	92.449099267991	0.0858248690762459
10.752	5.31457327865852	0.203324060127351	10.752	94.0196607604323	0.0889188978613872
10.864	5.3901256958727	0.200789180343108	10.864	95.5977551533705	0.0921401156758517
10.976	5.46635912540403	0.198303005879587	10.976	97.1833878579212	0.0954917825957831
11.088	5.54327384999726	0.195864439020417	11.088	98.7765744582161	0.098977235351298
11.2	5.62087011793586	0.193472409079069	11.2	100.377340788265	0.102599887155374
11.312	5.69914814372752	0.191125871740662	11.312	101.98572300416	0.106363227545852
11.424	5.77810810877522	0.18882380841686	11.424	103.601767651754	0.11027082223665
11.536	5.85775016203586	0.186565225614101	11.536	105.225531730005	0.114326312975812
11.648	5.93807442066997	0.18434915431555	11.648	106.85708275014	0.118533417407663
11.76	6.01908097067487	0.182174649375435	11.76	108.496498790802	0.122895928935756
11.872	6.10076986750582	0.180040788926621	11.872	110.143868549391	0.127417716585761
11.984	6.18314113668306	0.177946673800673	11.984	111.799291389758	0.132102724865169
12.096	6.26619477439253	0.175891426961702	12.096	113.462877386454	0.136954973618657
12.208	6.34993074806312	0.17387419295099	12.208	115.134747365723	0.141978557877272
12.32	6.43434899694501	0.171894137346323	12.32	116.81503294346	0.147177647700675
12.432	6.51944943266237	0.169950446231359	12.432	118.503876560315	0.152556488010716
12.544	6.60523193976778	0.168042325679405	12.544	120.201431514166	0.158119398415638
12.656	6.69169637627395	0.166169001247378	12.656	121.907861990162	0.163870773024361
12.768	6.77884257417825	0.164329717482378	12.768	123.623343088584	0.169815080250434
12.88	6.86667033997636	0.162523737439935	12.88	125.348060850701	0.175956862604712
12.992	6.95517945516378	0.160750342213562	12.992	127.082212282871	0.182300736477231
13.104	7.04436967672647	0.159008830475682	13.104	128.82600537912	0.188851391908247
13.216	7.1342407376186	0.157298518029189	13.216	130.579659142399	0.195613592348059
13.328	7.22479234723519	0.155618737370965	13.328	132.34340360478	0.202592174406895
13.44	7.31602419186724	0.153968837264834	13.44	134.117479846804	0.209792047594538
13.552	7.40793593515315	0.152348182326047	13.552	135.902140016226	0.217218194051062
13.664	7.50052721851292	0.150756152615081	13.664	137.697647346387	0.224875668269015
13.776	7.59379766157863	0.149192143242384	13.776	139.504276174471	0.232769596808826
13.888	7.68774686261623	0.147655563983133	13.888	141.322311959841	0.240905178007606
14	7.78237439892805	0.14614583890039	14	143.152051302758	0.249287681683887
14.112	7.87767982725733	0.144662405979219	14.112	144.993801963655	0.257922448838523
14.224	7.97366268417884	0.14320471676955	14.224	146.84788288327	0.266814891354846
14.336	8.0703224864782	0.141772236037757	14.336	148.714624203839	0.275970491698667
14.448	8.16765873152662	0.140364441427695	14.448	150.594367291596	0.285394802620542
14.56	8.26567089764715	0.138980823130466	14.56	152.487464760849	0.295093446863036
14.672	8.36435844446649	0.137620883561862	14.672	154.394280499843	0.305072116874034
14.784	8.46372081327059	0.13628413704969	14.784	156.315189698664	0.315336574529486
14.896	8.5637574273357	0.13497010952709	14.896	158.25057887942	0.325892650867428
15.008	8.66446769227066	0.133678338236223	15.008	160.200845928958	0.336746245836631
15.12	8.76585099633437	0.132408371437519	15.12	162.166400134346	0.347903328062167
15.232	8.86790671075748	0.131159768127902	15.232	164.147662221321	0.359369934630412
15.344	8.97063419005061	0.12993209776581	15.344	166.145064396034	0.371152170897752
15.456	9.07403277231071	0.128724940003696	15.456	168.159050390233	0.383256210324813
15.568	9.17810177951404	0.127537884427247	15.568	170.190075510171	0.395688294339932
15.68	9.28284051781197	0.126370530302158	15.68	172.238606689479	0.408454732235646
15.792	9.38824827780838	0.125222486326501	15.792	174.305122546208	0.421561901100716
15.904	9.49432433483738	0.12409337039025	15.904	176.39011344429	0.43501624579174
16.016	9.60106794923844	0.122982809341654	16.016	178.494081559679	0.448824278948356
16.128	9.7084783666204	0.121890438759159	16.128	180.617540951337	0.462992581054416
16.24	9.81655481811655	0.120815902729102	16.24	182.761017637367	0.477527800550319
16.352	9.92529652064208	0.119758853630152	16.352	184.925049676449	0.492436653998823
16.464	10.034702677141	0.118718951922963	16.464	187.110187254912	0.507725926310175
16.576	10.1447724768279	0.117695865945461	16.576	189.316992779522	0.523402471027605
16.688	10.2555050954245	0.116689271713543	16.688	191.546040976359	0.539473210680109
16.8	10.3668996953961	0.115698852727579	16.8	193.797918995919	0.555945137204524
16.912	10.4789554261732	0.114724299783263	16.912	196.073226524671	0.572825312441099
17.024	10.5916714243748	0.113765310787859	17.024	198.372575903345	0.590120868707698
17.136	10.7050468140296	0.112821590581881	17.136	200.696592252108	0.607839009455144
17.248	10.8190807067859	0.111892850764674	17.248	203.045913602895	0.625987010008767
17.36	10.9337722021201	0.110978809525066	17.36	205.421191039106	0.644572218400056
17.472	11.0491203875423	0.110079191476656	17.472	207.823088842852	0.663602056291367
17.584	11.1651243387943	0.10919372749711	17.584	210.252284650068	0.683084019999934
17.696	11.2817831200471	0.108322154572132	17.696	212.709469613567	0.703025681622106
17.808	11.399095784093	0.107464215643549	17.808	215.195348574408	0.723434690264728
17.92	11.5170613725314	0.10661965946101	17.92	217.710640241704	0.744318773385822
18.032	11.6356789159553	0.105788240438258	18.032	220.256077381081	0.765685738248273
18.144	11.7549474341301	0.104969718512766	18.144	222.832407012123	0.787543473492346
18.256	11.8748659361702	0.104163859009241	18.256	225.440390614849	0.809899950827785
18.368	11.9954334207166	0.103370432507194	18.368	228.080804345634	0.832763226852443
18.48	12.1166488761006	0.102589214711	18.48	230.754439262645	0.856141444998531
18.592	12.2385112805148	0.101819986324566	18.592	233.462101561111	0.880042837611731
18.704	12.3610196021787	0.101062532928791	18.704	236.204612818588	0.904475728165533
18.816	12.4841727994916	0.100316644861831	18.816	238.982810250551	0.929448533616198
18.928	12.6079698211976	0.0995821171035209	18.928	241.797546976396	0.954969766899018
19.04	12.7324096065361	0.098858749162064	19.04	244.649692296225	0.981048039571953
19.152	12.8574910853988	0.0981463449643971	19.152	247.540131978544	1.00769206460781
19.264	12.9832131784699	0.0974447127484195	19.264	250.469768559229	1.03491065934036
19.376	13.1095747973799	0.0967536649592421	19.376	253.439521651826	1.06271274856471
19.488	13.2365748448468	0.0960730181474472	19.488	256.450328269659	1.09110736779845
19.6	13.3642122148184	0.0954025928704464	19.6	259.503143159764	1.12010366670324
19.712	13.4924857926074	0.0947422135957054	19.712	262.598939149079	1.14971091267245
19.824	13.6213944550323	0.0940917086076122	19.824	265.738707503068	1.17993849458647
19.936	13.75093707055	0.0934509099159923	19.936	268.923458297004	1.2107959267381
20.048	13.8811124993856	0.0928196531670734	20.048	272.154220800295	1.24229285293249
20.16	14.0119195936649	0.0921977775572677	20.16	275.432043873987	1.2744390507624
20.272	14.143357197541	0.0915851257487284	20.272	278.757996381857	1.30724443606329
20.384	14.2754241473168	0.0909815437870839	20.384	282.133167615235	1.34071906754898
20.496	14.4081192715735	0.090386881022005	20.496	285.55866773199	1.37487315163242
20.608	14.5414413912885	0.0898009900289704	20.608	289.035628209832	1.40971704743215
20.72	14.6753893199559	0.0892237265334882	20.72	292.565202314406	1.44526127196951
20.832	14.8099618637052	0.0886549493375526	20.832	296.148565582264	1.48151650555569
20.944	14.945157821413	0.0880945202470756	20.944	299.786916319285	1.51849359737493
21.056	15.0809759848257	0.0875423040027158	21.056	303.481476114626	1.55620357126284
21.168	15.217415138663	0.0869981682108122	21.168	307.233490370738	1.59465763168508
21.28	15.3544740607341	0.086461983277334	21.28	311.044228849673	1.63386716991727
21.392	15.4921515220451	0.0859336223429825	21.392	314.914986236051	1.67384377042894
21.504	15.6304462869085	0.0854129612201201	21.504	318.847082717092	1.7145992174745
21.616	15.7693571130455	0.0848998783310898	21.616	322.841864580059	1.75614550189352
21.728	15.9088827516973	0.0843942546487044	21.728	326.900704827465	1.79849482812244
21.84	16.0490219477206	0.0838959736373969	21.84	331.025003810483	1.84165962142104
21.952	16.1897734396964	0.0834049211966851	21.952	335.216189880985	1.88565253531662
22.064	16.3311359600264	0.0829209856055581	22.064	339.475720062506	1.93048645926691
22.176	16.4731082350359	0.082444057468572	22.176	343.805080740728	1.97617452654698
22.288	16.6156889850686	0.0819740296631344	22.288	348.205788373807	2.02273012236131
22.4	16.7588769245818	0.0815107972879585	22.4	352.679390223026	2.07016689218446
22.512	16.9026707622522	0.0810542576137242	22.512	357.227465104302	2.11849875033432
22.624	17.0470692010576	0.0806043100335873	22.624	361.851624160889	2.16773988877911
22.736	17.1920709383768	0.0801608560159356	22.736	366.553511657997	2.21790478618467
22.848	17.3376746660824	0.0797237990582298	22.848	371.334805799588	2.26900821720198
22.96	17.4838790706306	0.0792930446416571	22.96	376.197219568096	2.32106526200162
23.072	17.6306828331522	0.0788685001872341	23.072	381.142501587459	2.37409131605662
23.184	17.7780846295386	0.0784500750126393	23.184	386.172437010148	2.42810210017962
23.296	17.9260831305345	0.078037680290618	23.296	391.28884842867	2.48311367081674
23.408	18.0746770018233	0.077631229008118	23.408	396.493596812217	2.53914243060372
23.52	18.2238649041141	0.0772306359265109	23.52	401.788582469056	2.59620513918837
23.632	18.3736454932255	0.0768358175426701	23.632	407.175746035295	2.6543189243242
23.744	18.5240174201722	0.076446692051265	23.744	412.657069490674	2.7135012932398
23.856	18.6749793312459	0.0760631793077351	23.856	418.234577202086	2.77377014428973
23.968	18.8265298681025	0.0756852007924055	23.968	423.91033699548	2.8351437788916
24.08	18.9786676678392	0.0753126795753307	24.08	429.686461256957	2.89764091375596
24.192	19.1313913630824	0.0749455402821898	24.192	435.565108063668	2.96128069341359
24.304	19.2846995820607	0.0745837090605325	24.304	441.548482345477	3.02608270304828
24.416	19.4385909486906	0.0742271135476322	24.416	447.63883707791	3.09206698163856
24.528	19.5930640826531	0.0738756828383794	24.528	453.838474507518	3.15925403541872
24.64	19.7481175994714	0.0735293474543621	24.64	460.149747410274	3.2276648516634
24.752	19.9037501105897	0.0731880393135832	24.752	466.575060383908	3.2973209128036
24.864	20.0599602234539	0.0728516917012113	24.864	473.116871175206	3.36824421088312
24.976	20.2167465415805	0.072520239240277	24.976	479.777692043073	3.44045726236202
25.088	20.3741076646371	0.0721936178638935	25.088	486.560091158298	3.51398312327502
25.2	20.5320421885189	0.0718717647878171	25.2	493.466694041155	3.58884540475533
25.312	20.6905487054201	0.0715546184835812	25.312	500.500185037734	3.66506828893152
25.424	20.8496258039109	0.0712421186524316	25.424	507.663308836025	3.74267654520611
25.536	21.0092720690051	0.0709342061996136	25.536	514.958872023024	3.82169554692835
25.648	21.1694860822435	0.0706308232099604	25.648	522.389744683687	3.90215128846734
25.76	21.3302664217551	0.0703319129229637	25.76	529.958862043236	3.98407040270057
25.872	21.4916116623365	0.070037419709621	25.872	537.669226153629	4.0674801789239
25.984	21.6535203755197	0.0697472890489175	25.984	545.523907625785	4.15240858119924
26.096	21.8159911296451	0.0694614675053781	26.096	553.526047408532	4.23888426714752
26.208	21.9790224899301	0.0691799027069439	26.208	561.678858615721	4.32693660720122
26.32	22.1426130185407	0.0689025433234292	26.32	569.985628402945	4.41659570433016
26.432	22.3067612746584	0.0686293390454693	26.432	578.449719894945	4.50789241424985
26.544	22.4714658145544	0.0683602405640752	26.544	587.074574165559	4.60085836613131
26.656	22.6367251916518	0.0680951995504178	26.656	595.863712271269	4.69552598382119
26.768	22.8025379565959	0.0678341686361609	26.768	604.820737340158	4.79192850759035
26.88	22.9689026573283	0.0675771013947455	26.88	613.949336717786	4.89010001642529
26.992	23.1358178391431	0.0673239523221809	26.992	623.253284171444	4.99007545087602
27.104	23.3032820447623	0.0670746768190651	27.104	632.736442154732	5.09189063647991
27.216	23.4712938144005	0.0668292311727594	27.216	642.402764133955	5.19558230777555
27.328	23.6398516858287	0.0665875725398455	27.328	652.256296978136	5.30118813292413
27.44	23.8089541944421	0.0663496589291355	27.44	662.301183414773	5.40874673895967
27.552	23.9785998733269	0.0661154491851968	27.552	672.541664552646	5.51829773767988
27.664	24.1487872533232	0.0658849029719214	27.664	682.982082474331	5.62988175220478
27.776	24.3195148630888	0.0656579807566526	27.776	693.626882899798	5.7435404442158
27.888	24.4907812291682	0.0654346437948623	27.888	704.480617923638	5.85931654190091
28	24.6625848760532	0.0652148541148805	28	715.547948827702	5.97725386862293
28.112	24.8349243262463	0.0649985745029523	28.112	726.833648971691	6.09739737233666
28.224	25.0077981003277	0.0647857684891202	28.224	738.342606763589	6.21979315577276
28.336	25.1812047170138	0.0645764003326453	28.336	750.079828712773	6.34448850741732
28.448	25.3551426932242	0.0643704350085308	28.448	762.050442567682	6.47153193330498
28.56	25.529610544144	0.0641678381939141	28.56	774.259700540929	6.60097318965459
28.672	25.7046067832815	0.0639685762547152	28.672	786.712982624336	6.73286331637212
28.784	25.8801299225387	0.0637726162330436	28.784	799.415799996425	6.86725467144564
28.896	26.0561784722625	0.0635799258341232	28.896	812.373798525258	7.00420096626139
29.008	26.2327509413175	0.0633904734145072	29.008	825.592762369391	7.14375730186834
29.12	26.4098458371382	0.0632042279695328	29.12	839.078617679858	7.28598020622035
29.232	26.5874616657937	0.0630211591217756	29.232	852.837436406052	7.43092767242414
29.344	26.7655969320502	0.0628412371095404	29.344	866.875440209046	7.57865919802896
29.456	26.9442501394288	0.062664432775511	29.456	881.199004484861	7.72923582538215
29.568	27.1234197902652	0.0624907175556595	29.568	895.814662501724	7.88272018309175
29.68	27.3031043857736	0.0623200634686729	29.68	910.729109654027	8.03917652862209
29.792	27.4833024261014	0.0621524431051843	29.792	925.949207837163	8.1986707920653
29.904	27.6640124103953	0.0619878296177325	29.904	941.481989946249	8.36127062111742
30.016	27.8452328368532	0.0618261967103515	30.016	957.33466450288	8.52704542730136
30.128	28.0269622027893	0.0616675186290322	30.128	973.514620413735	8.69606643347443
30.24	28.2091990046875	0.0615117701517323	30.24	990.029431864619	8.86840672265597
30.352	28.3919417382694	0.0613589265794437	30.352	1006.88686335471	9.04414128822313
30.464	28.5751888985398	0.0612089637263621	30.464	1024.09487487467	9.22334708551099
30.576	28.7589389798568	0.0610618579113477	30.576	1041.66162723314	9.40610308486145
30.688	28.9431904759829	0.0609175859488414	30.688	1059.59548753641	9.59249032617034
30.8	29.127941880145	0.0607761251402666	30.8	1077.90503482552	9.7825919749729
30.912	29.3131916850932	0.060637453265664	30.912	1096.59906587571	9.97649338011871
31.024	29.4989383831557	0.0605015485752879	31.024	1115.68660116348	10.1742821330872
31.136	29.6851804663002	0.0603683897816609	31.136	1135.17689100586	10.3760481289896
31.248	29.8719164261853	0.0602379560515358	31.248	1155.07942187753	10.5818836293144
31.36	30.0591447542216	0.0601102269981173	31.36	1175.40392291109	10.7918833264689
31.472	30.2468639416296	0.0599851826737263	31.472	1196.16037258627	11.0061444101723
31.584	30.4350724794915	0.059862803562055	31.584	1217.35900561344	11.2247666357583
31.696	30.6237688588099	0.0597430705710165	31.696	1239.0103200181	11.4478523944481
31.808	30.8129515705677	0.0596259650258864	31.808	1261.12508443177	11.6755067856532
31.92	31.0026191057742	0.0595114686617837	31.92	1283.71434559629	11.9078376913731
32.032	31.1927699555369	0.0593995636176316	32.032	1306.78943608779	12.1449558527534
32.144	31.3834026110983	0.0592902324286847	32.144	1330.36198226698	12.3869749488691
32.256	31.574515563908	0.0591834580206131	32.256	1354.44391246328	12.6340116778078
32.368	31.7661073056664	0.0590792237027761	32.368	1379.0474653996	12.8861858401207
32.48	31.9581763283865	0.0589775131621181	32.48	1404.18519886534	13.1436204247179
32.592	32.150721124447	0.0588783104570031	32.592	1429.86999864536	13.4064416972825
32.704	32.3437401866467	0.0587816000112199	32.704	1456.11508771302	13.6747792912865
32.816	32.5372320082587	0.0586873666080837	32.816	1482.93403569535	13.948766301687
32.928	32.7311950830886	0.0585955953848025	32.928	1510.3407686188	14.2285393813879
33.04	32.9256279055211	0.0585062718266112	33.04	1538.34957894466	14.5142388405562
33.152	33.1205289705852	0.0584193817615939	33.152	1566.97513590271	14.806008748879
33.264	33.3158967739986	0.0583349113550076	33.264	1596.23249613308	15.1039970408591
33.376	33.5117298122243	0.0582528471040628	33.376	1626.13711464549	15.4083556242428
33.488	33.7080265825307	0.0581731758329484	33.488	1656.70485610586	15.7192404916751
33.6	33.9047855830334	0.0580958846873789	33.6	1687.95200646109	16.0368118356941
33.712	34.1020053127602	0.0580209611300284	33.712	1719.89528491219	16.3612341671613
33.824	34.2996842716973	0.0579483929354364	33.824	1752.55185624672	16.692676437241
33.936	34.497820960843	0.0578781681851918	33.936	1785.9393435424	17.0313121630425
34.048	34.6964138822682	0.0578102752636287	34.048	1820.0758412531	17.3773195570387
34.16	34.895461539156	0.0577447028527239	34.16	1854.97992868965	17.7308816603846
34.272	35.0949624358663	0.0576814399280488	34.272	1890.67068390777	18.0921864802567
34.384	35.2949150779839	0.0576204757542559	34.384	1927.1676980164	18.4614271313451
34.496	35.4953179723686	0.0575617998806662	34.496	1964.49108991928	18.838801981628
34.608	35.6961696272109	0.0575054021371992	34.608	2002.66152150433	19.224514802569
34.72	35.8974685520856	0.0574512726302635	34.72	2041.70021329426	19.6187749238744
34.832	36.0992132579968	0.0573994017385577	34.832	2081.62896057387	20.0217973929616
34.944	36.3014022574379	0.0573497801092833	34.944	2122.47015000874	20.4338031392848
35.056	36.5040340644373	0.0573023986541437	35.056	2164.24677677166	20.8550191436805
35.168	36.7071071946143	0.0572572485456651	35.168	2206.98246219239	21.2856786128875
35.28	36.9106201652266	0.0572143212132861	35.28	2250.7014719482	21.7260211594134
35.392	37.1145714952261	0.057173608339989	35.392	2295.42873481206	22.1762929869169
35.504	37.318959705305	0.0571351018583807	35.504	2341.18986197675	22.6367470812848
35.616	37.5237833179507	0.057098793947493	35.616	2388.01116697358	23.1076434075903
35.728	37.7290408574961	0.0570646770291653	35.728	2435.91968620453	23.5892491131192
35.84	37.9347308501672	0.0570327437647111	35.84	2484.94320010791	24.0818387366633
35.952	38.1408518241375	0.0570029870516577	35.952	2535.11025497817	24.5856944242829
36.064	38.3474023095781	0.0569754000205296	36.064	2586.45018546063	25.1011061517503
36.176	38.5543808387043	0.0569499760315526	36.176	2638.99313774361	25.628371953889
36.288	38.7617859458325	0.0569267086717939	36.288	2692.77009347016	26.1677981610368
36.4	38.9696161674196	0.0569055917517019	36.4	2747.81289439333	26.7196996428638
36.512	39.1778700421258	0.0568866193026047	36.512	2804.15426779842	27.2844000597811
36.624	39.3865461108562	0.0568697855735114	36.624	2861.82785271837	27.8622321221976
36.736	39.5956429168088	0.0568550850281249	36.736	2920.86822696698	28.4535378578718
36.848	39.8051590055306	0.0568425123423725	36.848	2981.31093501789	29.0586688876326
36.96	40.0150929249652	0.0568320624014311	36.96	3043.19251675633	29.6779867097383
37.072	40.2254432254973	0.0568237302969977	37.072	3106.55053713218	30.3118629931573
37.184	40.4362084600051	0.0568175113247117	37.184	3171.42361674495	30.9606798800713
37.296	40.647387183912	0.056813400981613	37.296	3237.85146338977	31.6248302978929
37.408	40.8589779552283	0.0568113949634181	37.408	3305.87490459798	32.3047182811258
37.52	41.0709793346064	0.0568114891621669	37.52	3375.5359212034	33.0007593033802
37.632	41.2833898853895	0.0568136796638541	37.632	3446.87768196897	33.7133806198837
37.744	41.4962081736516	0.0568179627456982	37.744	3519.94457930927	34.4430216208408
37.856	41.7094327682543	0.0568243348741092	37.856	3594.78226614453	35.1901341959941
37.968	41.9230622408939	0.056832792702302	37.968	3671.43769392343	35.9551831107557
38.08	42.1370951661428	0.0568433330678693	38.08	3749.95915185488	36.7386463943077
38.192	42.3515301215078	0.0568559529908599	38.192	3830.3963073877	37.5410157400567
38.304	42.566365687469	0.0568706496713342	38.304	3912.80024797999	38.3627969188576
38.416	42.7816004475286	0.0568874204872638	38.416	3997.22352420191	39.2045102054378
38.528	42.9972329882609	0.0569062629925449	38.528	4083.72019421549	40.0666908184546
38.64	43.2132618993619	0.0569271749149802	38.64	4172.34586967885	40.9498893746567
38.752	43.4296857736869	0.0569501541539765	38.752	4263.15776312032	41.8546723575977
38.864	43.6465032073091	0.0569751987789789	38.864	4356.21473683457	42.7816226014193
38.976	43.8637127995587	0.0570023070272274	38.976	4451.57735334966	43.7313397901882
39.088	44.0813131530718	0.0570314773019588	39.088	4549.30792751867	44.704440973319
39.2	44.2993028738351	0.057062708170494	39.2	4649.47058029085	45.7015610976251
39.312	44.5176805712363	0.0570959983624925	39.312	4752.1312942185	46.7233535565572
39.424	44.7364448581089	0.0571313467681883	39.424	4857.35797075858	47.7704907572104
39.536	44.9555943507753	0.0571687524364315	39.536	4965.22048942921	48.8436647056991
39.648	45.1751276690949	0.0572082145731518	39.648	5075.79076888424	49.9435876115225
39.76	45.3950434365107	0.0572497325395865	39.76	5189.14282997132	51.0709925115703
39.872	45.6153402800946	0.0572933058506915	39.872	5305.35286083974	52.226633914425
39.984	45.8360168305922	0.0573389341734001	39.984	5424.49928416868	53.4112884656585
40.096	46.0570717224661	0.0573866173250539	40.096	5546.66282658782	54.625755634838
40.208	46.2785035939465	0.0574363552719469	40.208	5671.92659036474	55.8708584249764
40.32	46.5003110870728	0.0574881481276777	40.32	5800.37612743632	57.1474441051922
40.432	46.7224928477363	0.0575419961516383	40.432	5932.09951586576	58.4563849673883
40.544	46.9450475257306	0.0575978997475772	40.544	6067.18743880604	59.7985791077482
40.656	47.1679737747905	0.0576558594621359	40.656	6205.73326605683	61.1749512339117
40.768	47.3912702526408	0.0577158759834281	40.768	6347.83313830486	62.5864534987231
40.88	47.6149356210398	0.0577779501396408	40.88	6493.58605413702	64.034066361433
40.992	47.8389685458206	0.0578420828976764	40.992	6643.09395992562	65.5187994773412
41.104	48.0633676969387	0.057908275361742	41.104	6796.46184268088	67.0416926168189
41.216	48.2881317485122	0.0579765287720869	41.216	6953.79782597565	68.6038166147533
41.328	48.5132593788701	0.0580468445037374	41.328	7115.21326904746	70.2062743514529
41.44	48.7387492705935	0.0581192240651799	41.44	7280.82286918723	71.8502017660962
41.552	48.9646001105565	0.0581936690970868	41.552	7450.74476753084	73.536768903876
41.664	49.190810589974	0.0582701813711778	41.664	7625.10065836753	75.2671809979659
41.776	49.4173794044415	0.0583487627888953	41.776	7804.01590209228	77.0426795875695
41.888	49.6443052539815	0.058429415380433	41.888	7987.6196419238	78.8645436732555
42	49.8715868430822	0.0585121413033577	42	8176.04492452386	80.7340909109228
42.112	50.0992228807411	0.0585969428415357	42.112	8369.42882465035	82.6526788457077
42.224	50.3272120805115	0.0586838224041628	42.224	8567.9125739869	84.6217061872457
42.336	50.5555531605413	0.0587727825245381	42.336	8771.64169429451	86.6426141277287
42.448	50.7842448436123	0.0588638258589342	42.448	8980.76613503723	88.7168877042637
42.56	51.0132858571898	0.0589569551857499	42.56	9195.44041563658	90.8460572070636
42.672	51.2426749334588	0.059052173404297	42.672	9415.82377252015	93.0316996351094
42.784	51.4724108093675	0.0591494835338785	42.784	9642.0803111299	95.27544020092
42.896	51.7024922266678	0.0592488887127668	42.896	9874.37916306755	97.5789538861904
43.008	51.9329179319604	0.0593503921972866	43.008	10112.8946485553	99.9439670500584
43.12	52.1636866767297	0.0594539973607261	43.12	10357.8064444017	102.372259091884
43.232	52.3947972173892	0.0595597076924897	43.232	10609.2997576665	104.865664170453
43.344	52.6262483153239	0.0596675267972762	43.344	10867.5655052242	107.426072981594
43.456	52.8580387369291	0.0597774583940212	43.456	11132.8004994383	110.055434596297
43.568	53.0901672536474	0.0598895063150097	43.568	11405.2076401617	112.755758361469
43.68	53.3226326420152	0.0600036745051029	43.68	11684.9961132865	115.529115865546
43.792	53.5554336837012	0.0601199670209004	43.792	11972.3815960792	118.377642971283
43.904	53.7885691655428	0.0602383880297335	43.904	12267.586469539	121.303541918091
44.016	54.0220378795923	0.0603589418090782	44.016	12570.8400380332	124.309083496419
44.128	54.2558386231516	0.0604816327455313	44.128	12882.3787564675	127.396609296755
44.24	54.4899701988154	0.060606465334236	44.24	13202.4464652619	130.568534035903
44.352	54.7244314145063	0.0607334441778461	44.352	13531.2946334099	133.827347963299
44.464	54.9592210835197	0.0608625739860226	44.464	13869.1826099102	137.17561935024
44.576	55.1943380245584	0.0609938595745299	44.576	14216.3778838778	140.615997065025
44.688	55.4297810617751	0.0611273058645431	44.688	14573.1563536337	144.151213237025
44.8	55.6655490248084	0.0612629178819621	44.8	14939.8026051129	147.784086012997
44.912	55.9016407488248	0.061400700756722	44.912	15316.6101999087	151.517522408828
45.024	56.1380550745508	0.0615406597219086	45.024	15703.8819733166	155.354521260267
45.136	56.3747908483191	0.0616828001133708	45.136	16101.9303427289	159.298176276165
45.248	56.6118469221042	0.0618271273689061	45.248	16511.077626757	163.351679197922
45.36	56.8492221535554	0.0619736470275174	45.36	16931.6563754727	167.51832306903
45.472	57.086915406043	0.0621223647289599	45.472	17364.009712169	171.80150561867
45.584	57.3249255486896	0.0622732862130003	45.584	17808.4916870578	176.204732763509
45.696	57.5632514564092	0.0624264173187858	45.696	18265.4676433412	180.731622232005
45.808	57.8018920099491	0.0625817639843766	45.808	18735.3145961056	185.385907315672
45.92	58.0408460959183	0.0627393322458966	45.92	19218.4216245054	190.171440751938
46.032	58.2801126068329	0.0628991282372557	46.032	19715.1902777228	195.092198743395
46.144	58.5196904411488	0.0630611581893341	46.144	20226.0349952056	200.152285118426
46.256	58.7595785032973	0.0632254284295028	46.256	20751.3835417053	205.355935638368
46.368	58.999775703727	0.0633919453812118	46.368	21291.6774576618	210.707522456627
46.48	59.2402809589335	0.0635607155631439	46.48	21847.3725254913	216.211558735255
46.592	59.4810931915012	0.0637317455890436	46.592	22418.9392523664	221.872703424823
46.704	59.7222113301337	0.063905042166841	46.704	23006.8633700943	227.695766213574
46.816	59.9636343096988	0.0640806120985285	46.816	23611.6463527186	233.685712652077
46.928	60.2053610712509	0.0642584622792428	46.928	24233.8059525077	239.847669459919
47.04	60.4473905620793	0.0644385996971467	47.04	24873.8767549966	246.18693002105
47.152	60.6897217357381	0.064621031432747	47.152	25532.4107537962	252.708960074853
47.264	60.9323535520761	0.0648057646583463	47.264	26209.977945898	259.419403610137
47.376	61.1752849772839	0.0649928066378956	47.376	26907.1669482332	266.324088969579
47.488	61.4185149839185	0.0651821647262015	47.488	27624.5856362755	273.429035172418
47.6	61.6620425509416	0.0653738463686749	47.6	28362.8618055099	280.740458463554
47.712	61.9058666637546	0.0655678591008018	47.712	29122.6438566146	288.264779097426
47.824	62.1499863142331	0.0657642105478468	47.824	29904.6015052379	296.008628365419
47.936	62.3944005007587	0.065962908424231	47.936	30709.4265172945	303.978855875932
48.048	62.6391082282555	0.0661639605332728	48.048	31537.8334707265	312.182537096478
48.16	62.8841085082242	0.0663673747668342	48.16	32390.5605447267	320.626981167696
48.272	63.1294003587717	0.0665731591046748	48.272	33268.3703374417	329.319738999339
48.384	63.3749828046505	0.0667813216143649	48.384	34172.0507132386	338.268611658978
48.496	63.6208548772872	0.0669918704506557	48.496	35102.4156806262	347.481659064212
48.608	63.867015614818	0.0672048138552857	48.608	36060.3063019981	356.967208989962
48.72	64.1134640621207	0.0674201601565035	48.72	37046.5916363906	366.733866402631
48.832	64.3601992708476	0.0676379177687529	48.832	38062.1697164957	376.790523133443
48.944	64.6072202994587	0.0678580951923098	48.944	39107.968561227	387.146367903779
49.056	64.8545262132555	0.0680807010130155	49.056	40184.9472251785	397.810896715803
49.168	65.1021160844078	0.0683057439017343	49.168	41294.0968863731	408.793923622189
49.28	65.3499889919931	0.0685332326142708	49.28	42436.441973751	420.105591889325
49.392	65.5981440220221	0.0687631759908405	49.392	43613.0413359096	431.756385568933
49.504	65.8465802674753	0.0689955829558878	49.504	44824.9894526453	443.757141493498
49.616	66.0952968283325	0.0692304625177455	49.616	46073.4176909506	456.11906171182
49.728	66.3442928116036	0.069467823768265	49.728	47359.4956071321	468.853726381247
49.84	66.5935673313604	0.0697076758825413	49.84	48684.4322968269	481.973107134117
49.952	66.8431195087684	0.0699500281187036	49.952	50049.4777947314	495.489580936431
50.064	67.0929484721154	0.0701948898174472	50.064	51455.9245259594	509.415944457693
50.176	67.3430533568463	0.0704422704020119	50.176	52905.1088109808	523.765428971264
50.288	67.5934333055891	0.0706921793776141	50.288	54398.4124262148	538.551715805745
50.4	67.8440874681892	0.0709446263314303	50.4	55937.2642224037	553.788952368455
50.512	68.0950150017349	0.071199620932115	50.512	57523.141802985	569.491768762947
50.624	68.3462150705929	0.0714571729297211	50.624	59157.5732647719	585.675295023444
50.736	68.5976868464341	0.0717172921553266	50.736	60842.1390033337	602.35517898987
50.848	68.8494295082653	0.0719799885208502	50.848	62578.4735855918	619.547604848389
50.96	69.1014422424553	0.0722452720187069	50.96	64368.26769219	637.269312362767
51.072	69.3537242427713	0.0725131527217456	51.072	66213.2701323726	655.537616823655
51.184	69.6062747103999	0.0727836407828465	51.184	68115.2899341458	674.370429743228
51.296	69.8590928539823	0.0730567464347604	51.296	70076.1985126656	693.786280324378
51.408	70.1121778896371	0.0733324799898634	51.408	72097.9319198578	713.804337734149
51.52	70.3655290409955	0.0736108518399457	51.52	74182.4931784577	734.444434213049
51.632	70.619145539226	0.073891872456036	51.632	76331.9547037147	755.727089052308
51.744	70.8730266230605	0.0741755523880824	51.744	78548.4608162115	777.673533473272
51.856	71.1271715388291	0.0744619022648723	51.856	80834.2303493299	800.305736443892
51.968	71.3815795404805	0.0747509327937111	51.968	83191.5593550504	823.646431468825
52.08	71.6362498896163	0.0750426547603517	52.08	85622.8239119613	847.719144391488
52.192	71.8911818555125	0.0753370790286357	52.192	88130.4830394241	872.548222247202
52.304	72.1463747151515	0.0756342165404683	52.304	90717.0817221109	898.158863209092
52.416	72.4018277532452	0.0759340783154533	52.416	93385.2540492074	924.577147669321
52.528	72.6575402622704	0.0762366754509778	52.528	96137.7264727852	951.830070500204
52.64	72.9135115424833	0.0765420191217087	52.64	98977.3211900541	979.945574541859
52.752	73.1697409019556	0.0768501205796438	52.752	101906.959654341	1008.95258536438
52.864	73.4262276565968	0.0771609911538332	52.864	104929.666219897	1038.88104735508
52.976	73.6829711301842	0.0774746422503294	52.976	108048.571925799	1069.7619611828
53.088	73.939970654384	0.0777910853518327	53.088	111266.918424432	1101.62742269386
53.2	74.1972255687809	0.078110332017716	53.2	114588.062060306	1134.51066329637
53.312	74.4547352209015	0.0784323938837003	53.312	118015.478105136	1168.44609189173
53.424	74.7124989662436	0.0787572826618825	53.424	121552.765155384	1203.46933841463
53.536	74.9705161682991	0.0790850101404512	53.536	125203.649698726	1239.61729904571
53.648	75.2287861985792	0.0794155881835999	53.648	128971.990856159	1276.928183163
53.76	75.4873084366381	0.079749028731286	53.76	132861.785306715	1315.44156210161
53.872	75.746082270104	0.08008534379926	53.872	136877.172402122	1355.19841979386
53.984	76.0051070946938	0.0804245454787017	53.984	141022.439478908	1396.24120536445
54.096	76.2643823142493	0.080766645936339	54.096	145302.027375903	1438.61388775919
54.208	76.5239073407528	0.0811116574141336	54.208	149720.536165337	1482.36201248856
54.32	76.783681594356	0.0814595922292134	54.32	154282.731106069	1527.53276057061
54.432	77.0437045034013	0.0818104627737053	54.432	158993.548827883	1574.17500976164
54.544	77.3039755044477	0.0821642815146901	54.544	163858.103756113	1622.33939816638
54.656	77.564494042291	0.0825210609939301	54.656	168881.694786275	1672.07839032343
54.768	77.8252595699961	0.0828808138280304	54.768	174069.812218724	1723.4463458653
54.88	78.0862715489089	0.0832435527079476	54.88	179428.144963868	1776.49959085722
54.992	78.3475294486895	0.0836092903992576	54.992	184962.588028854	1831.29649192268
55.104	78.6090327473261	0.0839780397416906	55.104	190679.250297012	1887.89753326777
55.216	78.8707809311682	0.0843498136493485	55.216	196584.462612039	1946.36539672252
55.328	79.1327734949389	0.0847246251103067	55.328	202684.786179112	2006.76504492034
55.44	79.3950099417657	0.085102487186731	55.44	208987.0212959	2069.16380774371
55.552	79.6574897831967	0.0854834130146347	55.552	215498.21642682	2133.63147216828
55.664	79.9202125392289	0.0858674158039016	55.664	222225.677634434	2200.24037564312
55.776	80.1831777383246	0.0862545088380488	55.776	229176.978382613	2269.06550315176
55.888	80.4463849174367	0.0866447054742686	55.888	236359.969726586	2340.1845881038
56	80.70983362203	0.0870380191432354	56	243782.790905578	2413.67821721252
56.112	80.9735234060989	0.0874344633490269	56.112	251453.880354608	2489.62993952266
56.224	81.2374538321975	0.0878340516691527	56.224	259381.987152443	2568.12637975649
56.336	81.5016244714505	0.0882367977542727	56.336	267576.182923706	2649.25735615655
56.448	81.766034903582	0.0886427153282828	56.448	276045.874213635	2733.11600300796
56.56	82.0306847169305	0.0890518181881077	56.56	284800.815354941	2819.79889803318
56.672	82.2955735084752	0.0894641202037088	56.672	293851.12184698	2909.40619485905
56.784	82.5607008838543	0.0898796353180246	56.784	303207.28426833	3002.0417607651
56.896	82.8260664573817	0.0902983775467044	56.896	312880.182744664	3097.81331992987
57.008	83.0916698520749	0.0907203609783638	57.008	322881.101994886	3196.83260240257
57.12	83.3575106996666	0.0911455997741267	57.12	333221.74697944	3299.21549903691
57.232	83.6235886406297	0.0915741081678241	57.232	343914.259175527	3405.08222263183
57.344	83.8899033241999	0.0920059004659477	57.344	354971.233505346	3514.55747553793
57.456	84.1564544083853	0.0924409910473062	57.456	366405.735944279	3627.77062399598
57.568	84.4232415599958	0.0928793943632157	57.568	378231.32183732	3744.85587948765
57.68	84.6902644546559	0.09332112493732	57.68	390462.054953082	3865.95248738921
57.792	84.9575227768286	0.0937661973656016	57.792	403112.527306113	3991.204923232
57.904	85.2250162198326	0.0942146263162921	57.904	416197.879779453	4120.76309688627
58.016	85.4927444858538	0.0946664265296156	58.016	429733.823580828	4254.78256499874
58.128	85.7607072859802	0.0951216128181583	58.128	443736.662567221	4393.42475202803
58.24	86.0289043402022	0.0955802000663579	58.24	458223.316474114	4536.85718023714
58.352	86.2973353774446	0.0960422032307516	58.352	473211.345087271	4685.2537090181
58.464	86.5660001355776	0.0965076373398058	58.464	488718.973396495	4838.7947839391
58.576	86.8348983614371	0.0969765174938522	58.576	504765.117772468	4997.66769592115
58.688	87.1040298108396	0.0974488588650014	58.688	521369.41320983	5162.06685097158
58.8	87.373394248606	0.0979246766972677	58.8	538552.241680981	5332.19405091477
58.912	87.6429914485722	0.0984039863062872	58.912	556334.761647647	5508.25878558595
59.024	87.9128211936104	0.098886803079398	59.024	574738.938778778	5690.47853696876
59.136	88.1828832756462	0.0993731424756288	59.136	593787.577925754	5879.07909578153
59.248	88.4531774956737	0.0998630200255172	59.248	613504.356407896	6074.29489103686
59.36	88.7237036637744	0.100356451331209	59.36	633913.858663798	6276.36933312409
59.472	88.9944615991319	0.100853452066263	59.472	655041.612326163	6485.55517098594
59.584	89.2654511300502	0.101354037975768	59.584	676914.125780484	6702.11486398669
59.696	89.5366720939699	0.101858224876193	59.696	699558.927270566	6926.32096909561
59.808	89.808124337482	0.102366028655334	59.808	723004.605616633	7158.45654403649
59.92	90.0798077163481	0.102877465272356	59.92	747280.852614295	7398.81556707956
60.032	90.3517220955131	0.103392550757712	60.032	772418.507186392	7647.70337418834
60.144	90.6238673491235	0.103911301213094	60.144	798449.601362008	7905.43711425755
60.256	90.8962433605372	0.104433732811325	60.256	825407.408160848	8172.34622321582
60.368	91.1688500223488	0.104959861796525	60.368	853326.491464359	8448.77291779924
60.48	91.4416872363966	0.105489704483843	60.48	882242.75795834	8735.0727098346
60.592	91.7147549137822	0.106023277259629	60.592	912193.511236238	9031.6149419157
60.704	91.9880529748834	0.106560596581202	60.704	943217.508155059	9338.78334538261
60.816	92.2615813493684	0.107101678976922	60.816	975355.017541335	9656.97662156897
60.928	92.5353399762139	0.107646541046176	60.928	1008647.88134742	9986.60904730984
61.04	92.8093288037173	0.108195199459313	61.04	1043139.57836411	10328.1111057599
61.152	93.0835477895114	0.108747670957612	61.152	1078875.29059934	10681.9301436079
61.264	93.357996900577	0.109303972353177	61.264	1115901.97243784	11048.5310558263
61.376	93.6326761132649	0.109864120529149	61.376	1154268.42270235	11428.3969991484
61.488	93.9075854132962	0.110428132439306	61.488	1194025.359741	11822.0301355077
61.6	94.1827247957886	0.110996025108355	61.6	1235225.49967257	12229.9524067436
61.712	94.4580942652659	0.111567815631764	61.712	1277923.63792578	12652.7063419211
61.824	94.7336938356691	0.112143521175737	61.824	1322176.73421591	13090.8558986834
61.936	95.0095235303743	0.112723158977234	61.936	1368044.00110789	13544.9873401143
62.048	95.2855833821996	0.113306746343819	62.048	1415586.99632158	14015.7101486522
62.16	95.5618734334282	0.11389430065387	62.16	1464869.71894227	14503.6579786687
62.272	95.8383937358124	0.114485839356306	62.272	1515958.70970668	15009.4896493997
62.384	96.1151443505893	0.115081379970677	62.384	1568923.15554175	15533.8901799829
62.496	96.3921253484941	0.115680940087115	62.496	1623834.99854253	16077.5718684469
62.608	96.6693368097748	0.116284537366367	62.608	1680769.04958299	16641.2754165705
62.72	96.9467788242009	0.116892189539685	62.72	1739803.10676213	17225.771102617
62.832	97.224451491079	0.11750391440889	62.832	1801018.07889826	17831.8600040492
62.944	97.502354919259	0.118119729846172	62.944	1864498.11429167	18460.3752724077
63.056	97.7804892271588	0.118739653794392	63.056	1930330.73498843	19112.1834626553
63.168	98.0588545427581	0.119363704266619	63.168	1998606.97678585	19788.1859193703
63.28	98.3374510036297	0.119991899346578	63.28	2069421.53523335	20489.3202222989
63.392	98.6162787569345	0.120624257188226	63.392	2142872.91789281	21216.5616938837
63.504	98.8953379594469	0.121260796016026	63.504	2219063.60313388	21970.9249714947
63.616	99.1746287775544	0.121901534124731	63.616	2298100.20575412	22753.4656472327
63.728	99.4541513872746	0.122546489879395	63.728	2380093.64972442	23565.2819782796
63.84	99.733905974269	0.123195681715478	63.84	2465159.34837629	24407.5166709317
63.952	100.01389273385	0.123849128138721	63.952	2553417.39236026	25281.3587415731
64.064	100.294111870994	0.124506847725126	64.064	2644992.74572058	26188.04545801
64.176	100.574563600346	0.125168859120886	64.176	2740015.45044598	27128.8643647259
64.288	100.85524814624	0.125835181042489	64.288	2838620.8398749	28105.1553958039
64.4	101.136165742707	0.126505832276715	64.4	2940949.76134795	29118.3130794076
64.512	101.417316633477	0.127180831680375	64.512	3047148.80852057	30169.7888379055
64.624	101.698701072	0.127860198180546	64.624	3157370.56376711	31261.0933879119
64.736	101.980319321452	0.128543950774495	64.736	3271773.85112651	32393.7992446995
64.848	102.262171654742	0.129232108529518	64.848	3390524.00026184	33569.5433356604
64.96	102.54425835453	0.129924690583166	64.96	3513793.12192598	34790.0297276887
65.072	102.826579713226	0.130621716142962	65.072	3641760.39545056	36057.0324736057
65.184	103.109136033008	0.131323204486535	65.184	3774612.36879593	37372.3985829524
65.296	103.391927625832	0.132029174961648	65.296	3912543.27172834	38738.0511227528
65.408	103.674954813433	0.132739646985986	65.408	4055755.34271324	40155.9924540815
65.52	103.958217927345	0.133454640047351	65.52	4204459.17014383	41628.3076105645
65.632	104.241717308902	0.134174173703504	65.632	4358874.04854929	43157.1678251933
65.744	104.525453309252	0.134898267582219	65.744	4519228.35046043	44744.8342121625
65.856	104.809426289363	0.135626941381187	65.856	4685759.91463929	46393.661610728
65.968	105.093636620035	0.136360214868053	65.968	4858716.45141314	48106.1025984146
66.08	105.378084681905	0.137098107880382	66.08	5038355.96588667	49884.7116812356
66.192	105.662770865461	0.137840640325717	66.192	5224947.19984464	51732.1496689666
66.304	105.947695571044	0.138587832181418	66.304	5418770.09319073	53651.1882438472
66.416	106.232859208863	0.139339703494723	66.416	5620116.26581249	55644.7147315211
66.528	106.518262198998	0.140096274382745	66.528	5829289.52080005	57715.7370833993
66.64	106.803904971408	0.140857565032342	66.64	6046606.36999133	59867.3890800785
66.752	107.089787965949	0.141623595700323	66.752	6272396.58286243	62102.9357658988
66.864	107.375911632369	0.142394386713199	66.864	6507003.75982573	64425.779125163
66.976	107.662276430325	0.143169958467295	66.976	6750785.93105551	66839.4640111033
67.088	107.948882829383	0.143950331428601	67.088	7004116.18200363	69347.6843391053
67.2	108.235731309035	0.144735526132986	67.2	7267383.30683139	71954.2895563306
67.312	108.5228223587	0.145525563185864	67.312	7540992.49103449	74663.2914003802
67.424	108.810156477735	0.146320463262558	67.424	7825366.02460214	77478.8709602752
67.536	109.097734175438	0.147120247107835	67.536	8120944.04711367	80405.3860536514
67.648	109.385555971061	0.147924935536299	67.648	8428185.32623892	83447.3789346837
67.76	109.673622393813	0.148734549432045	67.76	8747568.07118383	86609.5843480029
67.872	109.96193398287	0.149549109748905	67.872	9079590.7826894	89896.9379445272
67.984	110.250491287381	0.150368637510262	67.984	9424773.14127095	93314.5850759101
68.096	110.539294866475	0.151193153809088	68.096	9783656.93546685	96867.8899851221
68.208	110.828345289264	0.152022679807823	68.208	10156807.0319422	100562.445411438
68.32	111.117643134857	0.152857236738529	68.32	10544812.3893908	104404.082629067
68.432	111.407188992366	0.153696845902794	68.432	10948287.1182595	108398.88193948
68.544	111.6969834609	0.154541528671579	68.544	11367871.5884273	112553.183638523
68.656	111.987027149595	0.155391306485514	68.656	11804233.5870609	116873.599480335
68.768	112.277320677595	0.156246200854459	68.768	12258069.5289822	121367.024661188
68.88	112.567864674075	0.157106233357832	68.88	12730105.7219947	126040.650347464
68.992	112.858659778244	0.157971425644454	68.992	13221099.6897259	130901.976773113
69.104	113.149706639345	0.158841799432446	69.104	13731841.5546693	135958.826933133
69.216	113.44100591667	0.159717376509376	69.216	14263155.4842434	141219.360900986
69.328	113.73255827956	0.160598178732127	69.328	14815901.2028045	146692.090799024
69.44	114.024364407413	0.161484228026879	69.44	15390975.5727086	152385.896452566
69.552	114.316424989686	0.162375546389076	69.552	15989314.2476533	158310.041759619
69.664	114.60874072591	0.16327215588349	69.664	16611893.4016919	164474.19180983
69.776	114.901312325686	0.16417407864409	69.776	17259731.537472	170888.43078784
69.888	115.194140508697	0.16508133687415	69.888	17933891.3774238	177563.280697917
70	115.487226004708	0.165993952845986	70	18635481.8418024	184509.72094854
70.112	115.780569553577	0.166911948901264	70.112	19365660.1176717	191739.20883738
70.224	116.074171905259	0.16783534745069	70.224	20125633.8231274	199263.700979255
70.336	116.368033819805	0.168764170974074	70.336	20916663.2712442	207095.675721448
70.448	116.662156067378	0.169698442020387	70.448	21740063.8384712	215248.156593169
70.56	116.956539428251	0.170638183207709	70.56	22597208.4424124	223734.736838028
70.672	117.251184692812	0.171583417223041	70.672	23489530.134172	232569.605080829
70.784	117.546092661575	0.172534166822561	70.784	24418524.8107001	241767.572182472
70.896	117.841264145176	0.173490454831287	70.896	25385754.0528344	251344.099339378
71.008	118.136699964383	0.174452304143286	71.008	26392848.0950104	261315.327486559
71.12	118.432400950104	0.17541973772156	71.12	27441508.9329011	271698.10806633
71.232	118.728367943388	0.176392778598087	71.232	28533513.5755619	282510.035227762
71.344	119.024601795427	0.177371449873614	71.344	29670717.4489591	293769.479524982
71.456	119.321103367567	0.178355774717869	71.456	30855057.9581173	305495.623185965
71.568	119.617873531303	0.179345776369278	71.568	32088558.2154556	317708.497026748
71.68	119.914913168297	0.180341478135187	71.68	33373330.9432656	330429.019089828
71.792	120.212223170372	0.181342903391654	71.792	34711582.5586673	343679.035089271
71.904	120.50980443952	0.182350075583547	71.904	36105617.4497858	357481.360749094
72.016	120.807657887906	0.183363018224401	72.016	37557842.4523294	371859.82612582
72.128	121.105784437872	0.184381754896457	72.128	39070771.536188	386839.322010445
72.24	121.404185021942	0.185406309250615	72.24	40647030.7121581	402445.84850987
72.352	121.702860582823	0.186436705006378	72.352	42289363.1693788	418706.565912605
72.464	122.001812073418	0.187472965951931	72.464	44000634.6546035	435649.847948888
72.576	122.301040456818	0.188515115943938	72.576	45783839.1049759	453305.337560742
72.688	122.600546706311	0.1895631789076	72.688	47642104.5465359	471704.005303021
72.8	122.900331805394	0.190617178836721	72.8	49578699.2713185	490878.21050281
72.912	123.200396747764	0.191677139793499	72.912	51597038.3065116	510861.765310487
73.024	123.50074253733	0.192743085908605	73.024	53700690.1898305	531690.001782645
73.136	123.801370188213	0.193815041381132	73.136	55893384.0659549	553399.842143839
73.248	124.102280724754	0.194893030478528	73.248	58179017.1196078	576029.872381432
73.36	124.40347518151	0.195977077536557	73.36	60561662.3616439	599620.419335569
73.472	124.70495460327	0.197067206959413	73.472	63045576.7853146	624213.631454292
73.584	125.006720045045	0.198163443219421	73.584	65635209.9107403	649853.56339226
73.696	125.308772572081	0.199265810857272	73.696	68335212.7365049	676586.264640407
73.808	125.611113259862	0.200374334481867	73.808	71150447.1182547	704459.872383353
73.92	125.913743194107	0.201489038770215	73.92	74085995.5951425	733524.708790932
74.032	126.216663470779	0.202609948467511	74.032	77147171.6860393	763833.382960879
74.144	126.51987519609	0.203737088387051	74.144	80339530.6784842	795440.897740119
74.256	126.823379486496	0.204870483410214	74.256	83668880.9345433	828404.761663964
74.368	127.127177468714	0.206010158486448	74.368	87141295.7389264	862785.106264196
74.48	127.431270279708	0.207156138633118	74.48	90763125.7159746	898644.809009544
74.592	127.735659066713	0.208308448935719	74.592	94541011.8435117	936049.62215569
74.704	128.040344987216	0.209467114547468	74.704	98481899.0929058	975068.30779539
74.816	128.345329208978	0.210632160689669	74.816	102593050.726211	1015772.77941434
74.928	128.650612910026	0.211803612651364	74.928	106882063.282775	1058238.25027339
75.04	128.956197278662	0.212981495789495	75.04	111356882.289338	1102543.38895414
75.152	129.262083513466	0.214165835528791	75.152	116025818.729417	1148770.48242212
75.264	129.568272823291	0.215356657361642	75.264	120897566.309485	1197005.60697902
75.376	129.874766427275	0.216553986848184	75.376	125981219.56143	1247338.80749505
75.488	130.18156555485	0.21775784961638	75.488	131286292.822739	1299864.28533144
75.6	130.488671445721	0.218968271361512	75.6	136822740.137955	1354680.59538468
75.712	130.796085349901	0.220185277846828	75.712	142600976.127204	1411890.85270551
75.824	131.103808527686	0.221408894902825	75.824	148631897.869802	1471602.94916836
75.936	131.411842249678	0.222639148427738	75.936	154926907.853552	1533929.78069207
76.048	131.720187796774	0.223876064387102	76.048	161497938.042793	1598989.48553741
76.16	132.028846460177	0.225119668814013	76.16	168357475.120975	1666905.69423361
76.272	132.337819541401	0.226369987808957	76.272	175518586.966467	1737807.791715
76.384	132.647108352266	0.227627047539757	76.384	182994950.423165	1811831.19227759
76.496	132.956714214908	0.22889087424156	76.496	190800880.43075	1889117.62799745
76.608	133.266638461776	0.230161494216805	76.608	198951360.58265	1969815.45128472
76.72	133.576882435641	0.231438933835157	76.72	207462075.183271	2054079.95228207
76.832	133.887447489591	0.232723219533427	76.832	216349442.879803	2142073.69185275
76.944	134.198334987045	0.234014377815668	76.944	225630651.947621	2233966.85094108
77.056	134.50954630175	0.23531243525305	77.056	235323697.312552	2329937.59712949
77.168	134.821082817782	0.236617418483823	77.168	245447419.397278	2430172.46925644
77.28	135.132945929548	0.237929354213167	77.28	256021544.883993	2534866.781007
77.392	135.445137041797	0.239248269213371	77.392	267066729.489833	2644225.04443203
77.504	135.757657569614	0.240574190323578	77.504	278604602.856761	2758461.41440247
77.616	136.07050893843	0.24190714444995	77.616	290657815.662815	2877800.15505728
77.728	136.383692584021	0.243247158565452	77.728	303250089.067077	3002476.12935768
77.84	136.697209952512	0.244594259709896	77.84	316406266.606563	3132735.3129177
77.952	137.011062500376	0.245948474989802	77.952	330152368.669439	3268835.33334295
78.064	137.325251694445	0.247309831578517	78.064	344515649.67516	3411046.03637058
78.176	137.639779011909	0.248678356716079	78.176	359524658.099215	3559650.08017377
78.288	137.954645940312	0.250054077709062	78.288	375209299.487058	3714943.55926197
78.4	138.269853977573	0.251437021930858	78.4	391600902.609428	3877236.65948408
78.512	138.585404631966	0.252827216821213	78.512	408732288.919109	4046854.34571914
78.624	138.901299422143	0.25422468988654	78.624	426637845.477594	4224137.08392254
78.736	139.217539877123	0.255629468699646	78.736	445353601.52878	4409441.59928137
78.848	139.534127536307	0.257041580899875	78.848	464917308.906199	4603141.67232566
78.96	139.851063949469	0.258461054192857	78.96	485368526.469752	4805628.97493561
79.072	140.168350676767	0.259887916350624	79.072	506748708.77859	5017313.94829093
79.184	140.485989288744	0.261322195211467	79.184	529101299.217073	5238626.72491004
79.296	140.803981366332	0.262763918680018	79.296	552471827.802464	5470018.09704308
79.408	141.122328500852	0.264213114727059	79.408	576908013.914969	5711960.533801
79.52	141.441032294021	0.265669811389592	79.52	602459874.2029	5964949.24952351
79.632	141.760094357954	0.267134036770691	79.632	629179835.929897	6229503.32602883
79.744	142.079516315165	0.268605819039594	79.744	657122856.044037	6506166.89151576
79.856	142.399299798576	0.270085186431549	79.856	686346546.264414	6795510.35904462
79.968	142.719446451508	0.271572167247721	79.968	716911304.49565	7098131.72767108
80.08	143.0399579277	0.273066789855316	80.08	748880452.897395	7414657.94947088
80.192	143.360835891304	0.27456908268749	80.192	782320382.953164	7745746.36586497
80.304	143.682082016884	0.276079074243151	80.304	817300707.900947	8092086.21683343
80.416	144.003697989431	0.277596793087103	80.416	853894422.907189	8454400.22679654
80.528	144.325685504356	0.279122267849916	80.528	892178073.386013	8833446.27114162
80.64	144.648046267498	0.280655527227892	80.64	932231931.886533	9230019.12758269
80.752	144.970781995126	0.282196599982975	80.752	974140183.994049	9644952.3167663
80.864	145.293894413944	0.283745514942815	80.864	1017991123.71402	10079120.0367663
80.976	145.617385261096	0.285302301000654	80.976	1063877358.83281	10533439.1963585
81.088	145.941256284165	0.28686698711533	81.088	1111896026.77565	11008871.5522285
81.2	146.265509241177	0.288439602311065	81.2	1162149021.50947	11506425.9555338
81.312	146.59014590061	0.290020175677673	81.312	1214743232.0681	12027160.7135403
81.424	146.915168041393	0.29160873637036	81.424	1269790793.3073	12572186.0723444
81.536	147.240577452913	0.293205313609735	81.536	1327409349.53011	13142666.827026
81.648	147.566375935016	0.294809936681751	81.648	1387722331.65708	13739825.065907
81.76	147.892565298006	0.296422634937575	81.76	1450859248.65155	14364943.0559515
81.872	148.219147362664	0.298043437793759	81.872	1516955993.94911	15019366.2767196
81.984	148.546123960234	0.299672374731931	81.984	1586155167.67898	15704506.6106789
82.096	148.873496932444	0.301309475299042	82.096	1658606415.50918	16421845.6981067
82.208	149.201268131493	0.302954769107065	82.208	1734466784.99015	17172938.4652453
82.32	149.529439420068	0.304608285833067	82.32	1813901100.31962	17959416.8348441
82.432	149.858012671343	0.306270055219185	82.432	1897082356.50069	18782993.6287162
82.544	150.186989768985	0.307940107072589	82.544	1984192133.9177	19645466.6724492
82.656	150.516372607152	0.309618471265307	82.656	2075421034.40875	20548723.1129547
82.768	150.846163090512	0.31130517773446	82.768	2170969139.97337	21494743.9601294
82.88	151.176363134227	0.313000256481868	82.88	2271046495.31375	22485608.8644896
82.992	151.506974663974	0.314703737574259	82.992	2375873615.47358	23523501.1433
83.104	151.837999615944	0.316415651143236	83.104	2485682019.90674	24610713.0683809
83.216	152.169439936841	0.318136027385027	83.216	2600714794.37988	25749651.4295012
83.328	152.501297583897	0.319864896560641	83.328	2721227182.18901	26942843.3880075
83.44	152.833574524869	0.321602288995789	83.44	2847487206.25094	28192942.6361456
83.552	153.166272738049	0.32334823508084	83.552	2979776323.71446	29502735.8783587
83.664	153.499394212259	0.325102765270664	83.664	3118390114.82566	30875149.651737
83.776	153.832940946868	0.326865910084787	83.776	3263639007.87639	32313257.5037246
83.888	154.166914951792	0.328637700107207	83.888	3415849042.16418	33820287.546178
84	154.501318247494	0.330418165986451	84	3575362670.99644	35399630.4059034
84.112	154.836152864996	0.332207338435414	84.112	3742539606.88372	37054847.5929063
84.224	155.171420845886	0.334005248231551	84.224	3917757711.18264	38789680.3087372
84.336	155.507124242312	0.335811926216575	84.336	4101413930.57337	40608058.7185465
84.448	155.843265116996	0.337627403296543	84.448	4293925282.88604	42514111.7117414
84.56	156.179845543242	0.339451710441886	84.56	4495729894.92997	44512177.1775229
84.672	156.51686760493	0.341284878687228	84.672	4707288095.12195	46606812.8229881
84.784	156.854333396532	0.343126939131458	84.784	4929083563.86559	48802807.5630242
84.896	157.192245023115	0.344977922937686	84.896	5161624544.79471	51105193.5128176
85.008	157.530604600343	0.346837861333177	85.008	5405445120.16518	53519258.6154955
85.12	157.869414254489	0.348706785609337	85.12	5661106553.85912	56050559.939198
85.232	158.208676122434	0.350584727121648	85.232	5929198705.65693	58704937.6797705
85.344	158.548392351675	0.35247171728967	85.344	6210341520.63418	61488529.907268
85.456	158.888565100337	0.354367787597041	85.456	6505186597.75192	64407788.0965526
85.568	159.229196537171	0.356272969591354	85.568	6814418841.93349	67469493.484489
85.68	159.570288841561	0.358187294884179	85.68	7138758204.16004	70680774.2986133
85.792	159.911844203536	0.360110795151047	85.792	7478961514.36462	74049123.9045993
85.904	160.253864823775	0.362043502131495	85.904	7835824412.17053	77582419.9224796
86.016	160.596352913605	0.363985447628753	86.016	8210183380.79958	81288944.3643514
86.128	160.939310695016	0.365936663510072	86.128	8602917889.76988	85177404.8492059
86.24	161.282740400672	0.367897181706536	86.24	9014952652.31705	89256956.9536334
86.352	161.6266442739	0.369867034212909	86.352	9447260003.79531	93537227.7603488
86.464	161.971024568718	0.371846253087892	86.464	9900862407.67444	98028340.6700433
86.576	162.315883549822	0.373834870453762	86.576	10376835096.105	102740941.545594
86.688	162.661223492616	0.37583291849681	86.688	10876308852.419	107686226.261574
86.8	163.007046683194	0.377840429466732	86.8	11400472943.3408	112875969.736047
86.912	163.353355418365	0.379857435677122	86.912	11950578209.1222	118322556.525962
87.024	163.700152005651	0.381883969505093	87.024	12527940320.2639	124039013.071919
87.136	164.0474387633	0.383920063391487	87.136	13133943209.9796	130039041.682966
87.248	164.395218020294	0.385965749840762	87.248	13770042692.0696	136337056.357124
87.36	164.743492116347	0.388021061420953	87.36	14437770274.4026	142948220.538639
87.472	165.092263401928	0.39008603076371	87.472	15138737178.7907	149888486.918719
87.584	165.441534238255	0.392160690564235	87.584	15874638578.6365	157174639.39244
87.696	165.791306997306	0.394245073581215	87.696	16647258066.3718	164824337.29081
87.808	166.141584061837	0.396339212636971	87.808	17458472363.388	172856162.013742
87.92	166.492367825377	0.398443140617313	87.92	18310256285.8666	181289666.196698
88.032	166.843660692245	0.400556890471522	88.032	19204687980.6766	190145425.551253
88.144	167.195465077553	0.402680495212411	88.144	20143954446.2991	199445093.527714
88.256	167.547783407216	0.404813987916183	88.256	21130357354.5969	209211458.956405
88.368	167.900618117965	0.406957401722644	88.368	22166319190.1116	219468506.832788
88.48	168.253971657347	0.409110769834903	88.48	23254389724.5498	230241482.421285
88.592	168.607846483743	0.411274125519646	88.592	24397252845.0897	241556958.862274
88.704	168.962245066372	0.413447502106915	88.704	25597733756.2017	253442908.477244
88.816	169.317169885298	0.415630932990178	88.816	26858806575.805	265928777.978267
88.928	169.672623431447	0.417824451626422	88.928	28183602347.7417	279045567.799422
89.04	170.028608206607	0.42002809153592	89.04	29575417493.8163	292825915.780359
89.152	170.385126723442	0.422241886302415	89.152	31037722729.9561	307304185.445109
89.264	170.742181505508	0.424465869573126	89.264	32574172472.4471	322516559.133139
89.376	171.099775087245	0.426700075058555	89.376	34188614761.689	338501136.254346
89.488	171.457910014007	0.428944536532694	89.488	35885101732.4498	355298036.954949
89.6	171.81658884206	0.431199287832927	89.6	37667900661.2842	372949511.497864
89.712	172.175814138593	0.433464362860022	89.712	39541505623.5007	391500055.678225
89.824	172.535588481734	0.435739795578202	89.824	41510649793.9337	410996532.613205
89.936	172.895914460549	0.438025620014993	89.936	43580318427.7256	431488301.26461
90.048	173.256794675071	0.440321870261549	90.048	45755762559.3823	453027352.073092
90.16	173.618231736289	0.44262858047219	90.16	48042513460.5914	475668450.104865
90.272	173.980228266176	0.444945784864873	90.272	50446397899.5802	499469286.134457
90.384	174.34278689769	0.447273517720913	90.384	52973554247.2413	524490636.1113
90.496	174.705910274791	0.449611813385114	90.496	55630449477.8987	550796529.484145
90.608	175.069601052444	0.451960706265649	90.608	58423897115.2671	578454426.883833
90.72	175.43386189664	0.454320230834275	90.72	61361076177.1302	607535407.694359
90.832	175.798695484405	0.45669042162623	90.832	64449551175.2976	638114368.072253
90.944	176.164104503802	0.459071313240173	90.944	67697293230.6872	670270230.006804
91.056	176.530091653955	0.461462940338301	91.056	71112702366.8237	704086162.047759
91.168	176.89665964506	0.463865337646515	91.168	74704631048.679	739649812.363159
91.28	177.263811198385	0.466278539954021	91.28	78482409037.689	777053554.828604
91.392	177.631549046291	0.468702582113715	91.392	82455869637.8195	816394748.889302
91.504	177.999875932253	0.471137499042213	91.504	86635377411.9519	857776013.979722
91.616	178.368794610857	0.473583325719644	91.616	91031857452.3765	901305519.33046
91.728	178.738307847813	0.476040097189743	91.728	95656826294.1285	947097290.040877
91.84	179.108418419981	0.478507848559997	91.84	100522424564.948	995271530.346017
91.952	179.479129115374	0.480986615001605	91.952	105641451471.188	1045954965.06126
92.064	179.850442733173	0.483476431749458	92.064	111027401224.706	1099281200.24461
92.176	180.222362083741	0.485977334102286	92.176	116694501521.905	1155391104.17727
92.288	180.594889988635	0.488489357422558	92.288	122657754192.551	1214433209.82724
92.4	180.968029280621	0.491012537136597	92.4	128932978142.909	1276564140.0288
92.512	181.341782803686	0.493546908734613	92.512	135536854724.876	1341949056.68194
92.624	181.716153413054	0.49609250777072	92.624	142486975670.632	1410762135.35279
92.736	182.091143975199	0.498649369862988	92.736	149801893740.359	1483187066.73622
92.848	182.466757367858	0.501217530693485	92.848	157501176239.281	1559417586.52753
92.96	182.842996480048	0.503797026008339	92.96	165605461569.378	1639658035.34038
93.072	183.219864212074	0.506387891617646	93.072	174136518990.876	1724123950.40471
93.184	183.597363475558	0.508990163395823	93.184	183117311778.763	1813042690.87884
93.296	183.975497193432	0.51160387728128	93.296	192572063970.62	1906654098.71901
93.408	184.354268299973	0.514229069276727	93.408	202526330913.437	2005211197.16275
93.52	184.733679740813	0.516865775449252	93.52	213007073829.383	2108980929.00379
93.632	185.113734472943	0.519514031930095	93.632	224042738633.376	2218244936.96412
93.744	185.49443546474	0.522173874914957	93.744	235663339249.096	2333300388.60491
93.856	185.875785695988	0.524845340664093	93.856	247900545684.536	2454460848.36174
93.968	186.257788157872	0.527528465502101	93.968	260787777143.608	2582057199.44167
94.08	186.640445853016	0.530223285818168	94.08	274360300466.761	2716438618.48279
94.192	187.023761795494	0.532929838066306	94.192	288655334210.613	2857973606.04567
94.304	187.407739010835	0.535648158764978	94.304	303712158695.299	3007051076.19108
94.416	187.792380536049	0.53837828449751	94.416	319572232367.333	3164081508.58745
94.528	188.177689419647	0.541120251912062	94.528	336279314846.694	3329498166.79895
94.64	188.56366872165	0.543874097721705	94.64	353879597048.463	3503758386.61845
94.752	188.950321513607	0.546639858704429	94.752	372421838792.658	3687344938.54116
94.864	189.337650878622	0.549417571703394	94.864	391957514340.438	3880767468.71721
94.976	189.725659911358	0.55220727362677	94.976	412540966320.933	4084564022.97953
95.088	190.114351718058	0.555009001447943	95.088	434229568540.473	4299302658.81656
95.2	190.503729416575	0.557822792205699	95.2	457083898195.346	4525583150.44897
95.312	190.893796136371	0.56064868300407	95.312	481167918040.422	4764038792.47942
95.424	191.284555018547	0.563486711012581	95.424	506549169098.563	5015338307.90656
95.536	191.676009215859	0.566336913466313	95.536	533298974531.071	5280187866.64427
95.648	192.068161892742	0.569199327666042	95.648	561492655326.216	5559333221.05164
95.76	192.461016225314	0.572073990978154	95.76	591209758502.281	5853561965.36912
95.872	192.854575401409	0.574960940834948	95.872	622534298563.251	6163705926.36883
95.984	193.248842620591	0.577860214734611	95.984	655555012989.408	6490643692.96443
96.096	193.643821094171	0.580771850241328	96.096	690365632592.285	6835303292.99292
96.208	194.03951404523	0.583695884985396	96.208	727065167612.645	7198665025.86777
96.32	194.435924708642	0.586632356663441	96.32	765758210493.571	7581764460.33239
96.432	194.83305633108	0.589581303038201	96.432	806555256316.462	7985695607.09368
96.544	195.230912171057	0.592542761939138	96.544	849573041946.848	8411614276.70147
96.656	195.629495498925	0.595516771261986	96.656	894934905000.854	8860741633.67182
96.768	196.028809596909	0.598503368969264	96.768	942771163809.063	9334367958.50557
96.88	196.428857759128	0.601502593090328	96.88	993219519626.151	9833856629.96189
96.992	196.829643291605	0.604514481721255	96.992	1046425482410.13	10360648340.6943
97.104	197.231169512303	0.607539073025333	97.104	1102542821574.21	10916265560.1407
97.216	197.633439751128	0.610576405232757	97.216	1161734043200.07	11502317259.4067
97.328	198.036457349969	0.613626516641178	97.328	1224170895291.01	12120503913.7724
97.44	198.44022566271	0.616689445615545	97.44	1290034902738.87	12772622799.3948
97.552	198.844748055252	0.619765230588309	97.552	1359517933780.51	13460573601.7872
97.664	199.250027905536	0.622853910059601	97.664	1432822799826.98	14186364354.7226
97.776	199.656068603568	0.625955522597319	97.776	1510163890663.13	14952117729.3379
97.888	200.062873551438	0.629070106837278	97.888	1591767847136.85	15760077694.4242
98	200.470446163345	0.632197701483379	98	1677874273585.55	16612616570.1539
98.112	200.878789865621	0.635338345307719	98.112	1768736492385.39	17512242498.8652
98.224	201.287908096747	0.638492077150682	98.224	1864622343152.12	18461607357.9418
98.336	201.697804307386	0.641658935921237	98.336	1965815029279.59	19463515141.3821
98.448	202.108481960403	0.644838960596926	98.448	2072614014662.63	20520930838.2438
98.56	202.519944530885	0.648032190224148	98.56	2185335973627.29	21636989837.894
98.672	202.932195506169	0.651238663918183	98.672	2304315797275.29	22815007893.8147
98.784	203.34523838587	0.654458420863543	98.784	2429907659645.24	24058491679.6558
98.896	203.759076681892	0.657691500313857	98.896	2562486147303.34	25371149973.3004
99.008	204.173713918474	0.660937941592369	99.008	2702447456194.63	26756905506.8775
99.12	204.58915363219	0.664197784091764	99.12	2850210659824.32	28219907523.0131
99.232	205.005399371998	0.667471067274658	99.232	3006219053086.1	29764545080.0604
99.344	205.422454699243	0.670757830673444	99.344	3170941576319.83	31395461151.6815
99.456	205.840323187706	0.674058113890826	99.456	3344874324464.11	33117567568.9516
99.568	206.25900842361	0.677371956599687	99.568	3528542146467.26	34936060856.1115
99.68	206.678514005652	0.68069939854338	99.68	3722500340438.56	36856439014.2432
99.792	207.098843545038	0.684040479536037	99.792	3927336450359.79	38884519310.493
99.904	207.520000665496	0.687395239462519	99.904	4143672170536.55	41026457134.0253
100.016	207.941989003317	0.690763718278868	100.016	4372165364348.55	43288765983.649
100.128	208.364812207363	0.694145956012178	100.128	4613512204265.7	45678338656.096
100.24	208.788473939119	0.69754199276118	100.24	4868449440526.53	48202469708.1835
100.352	209.212977872693	0.700951868696055	100.352	5137756806332.07	50868879270.6145
100.464	209.638327694874	0.704375624059024	100.464	5422259567897.53	53685738296.0151
100.576	210.064527105126	0.707813299164106	100.576	5722831228219.03	56661695328.9013
100.688	210.491579815647	0.711264934397771	100.688	6040396393962.23	59805904890.7151
100.8	210.91948955138	0.714730570218836	100.8	6375933815466.57	63128057578.8769
100.912	211.348260050045	0.71821024715883	100.912	6730479610474	66638411984.8911
101.024	211.777895062166	0.721704005822125	101.024	7105130682859.53	70347828543.1636
101.136	212.208398351112	0.725211886886306	101.136	7501048348333.84	74267805429.048
101.248	212.639773693106	0.72873393110213	101.248	7919462179840.39	78410516632.0831
101.36	213.072024877275	0.7322701792941	101.36	8361674086160.53	82788852338.2231
101.472	213.505155705665	0.735820672360327	101.472	8829062638080.95	87416461763.1778
101.584	213.939169993284	0.73938545127316	101.584	9323087657381.1	92307798587.9316
101.696	214.374071568113	0.742964557078943	101.696	9845295084840.05	97478169156.8321
101.808	214.80986427116	0.746558030898701	101.808	10397322144491.8	102943783608.83
101.92	215.246551956478	0.750165913928206	101.92	10980902822419.4	108721810122.964
102.032	215.684138491196	0.753788247438156	102.032	11597873679537.3	114830432470.666
102.144	216.122627755549	0.75742507277445	102.144	12250180019023.3	121288911079.439
102.256	216.562023642916	0.761076431358541	102.256	12939882430363.6	128117647825.382
102.368	217.002330059851	0.764742364687602	102.368	13669163733346.8	135338254785.612
102.48	217.44355092611	0.768422914334864	102.48	14440336346818.2	142973627196.22
102.592	217.885690174688	0.772118121949763	102.592	15255850108557.8	151048020876.81
102.704	218.328751751845	0.775828029258229	102.704	16118300574311.1	159587134399.12
102.816	218.772739617149	0.779552678063104	102.816	17030437825769.6	168618196294.749
102.928	219.217657743506	0.783292110244277	102.928	17995175819163.4	178170057615.479
103.04	219.663510117184	0.787046367758928	103.04	19015602308150.1	188273290179.704
103.152	220.11030073786	0.790815492641926	103.152	20094989376783.8	198960290859.245
103.264	220.558033618646	0.794599527006046	103.264	21236804620635.6	210265392283.521
103.376	221.006712786122	0.798398513042232	103.376	22444723016524.8	222224980361.632
103.488	221.456342280381	0.802212493019964	103.488	23722639523900	234877619048.514
103.6	221.906926155054	0.806041509287561	103.6	25074682463613.1	248264182808.051
103.712	222.358468477337	0.809885604272213	103.712	26505227722763	262427997255.079
103.824	222.810973328057	0.813744820480813	103.824	28018913837333.6	277414988488.451
103.936	223.26444480167	0.817619200499675	103.936	29620658007674.9	293273841660.148
104.048	223.718887006321	0.821508786995243	104.048	31315673105351.8	310056169359.919
104.16	224.174304063874	0.82541362271425	104.16	33109485733614.5	327816690431.827
104.272	224.630700109944	0.82933375048402	104.272	35007955407705.2	346613419878.269
104.384	225.088079293947	0.833269213212968	104.384	37017294925446.9	366507870548.98
104.496	225.546445779108	0.837220053890472	104.496	39144092003026.9	387565267356.702
104.608	226.005803742537	0.841186315587838	104.608	41395332255703.6	409854774808.947
104.72	226.466157375235	0.845168041458075	104.72	43778423608219.3	433449738695.241
104.832	226.92751088215	0.849165274736583	104.832	46301222225158.5	458427942823.351
104.944	227.38986848221	0.853178058741359	104.944	48972060057214.5	484871881754.599
105.056	227.853234408351	0.857206436873188	105.056	51799774105544	512869050549.941
105.168	228.317612907574	0.861250452616341	105.168	54793737512848.5	542512252602.46
105.28	228.783008240967	0.86531014953853	105.28	57963892596865.8	573899926701.642
105.392	229.249424683758	0.869385571291636	105.392	61320785949320.3	607136494547.725
105.504	229.716866525344	0.873476761611758	105.504	64875605731316.1	642332730013.03
105.616	230.185338069338	0.877583764319751	105.616	68640221304583.2	679606151530.527
105.728	230.654843633603	0.881706623321541	105.728	72627225346894.3	719081439078.162
105.84	231.125387550298	0.885845382608512	105.84	76849978609610	760890877322.871
105.952	231.596974165911	0.890000086257749	105.952	81322657485402.9	805174826588.148
106.064	232.069607841314	0.894170778432714	106.064	86060304565098.3	852082223416.815
106.176	232.543292951783	0.898357503383235	106.176	91078882374076.4	901771112614.618
106.288	233.018033887063	0.902560305446268	106.288	96395330491032.2	954409212782.497
106.4	233.493835051387	0.906779229045969	106.4	102027626264926	1010174517474.51
106.512	233.970700863537	0.911014318694278	106.512	107994849359981	1069255934257.23
106.624	234.448635756878	0.915265618991329	106.624	114317250373416	1131853964093.23
106.736	234.9276441794	0.919533174625717	106.736	121016323786481	1198181423628.53
106.848	235.407730593762	0.923817030374966	106.848	128114885526235	1268464213131.04
106.96	235.888899477335	0.928117231105967	106.96	135637155433520	1342942133005.15
107.072	236.371155322251	0.932433821775401	107.072	143608844951761	1421869751997.63
107.184	236.854502635431	0.936766847429997	107.184	152057250371665	1505517330412.52
107.296	237.338945938654	0.941116353207219	107.296	161011351988695	1594171801868.26
107.408	237.824489768576	0.945482384335463	107.408	170501919553384	1688137817360.23
107.52	238.311138676797	0.949864986134637	107.52	180561624419360	1787738855637.23
107.632	238.798897229889	0.954264204016486	107.632	191225158820315	1893318404161.53
107.744	239.287770009449	0.958680083485056	107.744	202529362735227	2005241215200.27
107.856	239.777761612141	0.96311267013715	107.856	214513358831301	2123894641894.07
107.968	240.268876649752	0.967562009662845	107.968	227218696005803	2249690059463.39
108.08	240.761119749226	0.972028147845814	108.08	240689502082306	2383064377052.54
108.192	241.254495552717	0.976511130563838	108.192	254972646253063	2524481646069.93
108.304	241.749008717634	0.98101100378929	108.304	270117911897944	2674434771266.78
108.416	242.24466391669	0.98552781358954	108.416	286178180451882	2833447331206.75
108.528	242.741465837952	0.990061606127544	108.528	303209627036516	3002075515213.03
108.64	243.239419184876	0.994612427662063	108.64	321271928619130	3180910184347.82
108.752	243.738528676381	0.999180324548555	108.752	340428485511560	3370579064470.89
108.864	244.238799046861	1.00376534323908	108.864	360746657075808	3571749079958.5
108.976	244.740235046269	1.00836753028337	108.976	382298012559453	3785128837222.31
109.088	245.242841440151	1.01298693232898	109.088	405158598045271	4011471267774.96
109.2	245.746623009684	1.01762359612173	109.2	429409220564027	4251576441227.99
109.312	246.251584551756	1.02227756850659	109.312	455135750488631	4506294559293.38
109.424	246.757730878982	1.02694889642768	109.424	482429443401679	4776529142590.88
109.536	247.265066819781	1.03163762692913	109.536	511387282707070	5063240422842.28
109.648	247.773597218413	1.03634380715548	109.648	542112344340443	5367448953865.77
109.76	248.283326935031	1.04106748435214	109.76	574714185022598	5690239455669.29
109.872	248.794260845742	1.04580870586605	109.872	609309255595978	6032764906890.87
109.984	249.306403842642	1.05056751914602	109.984	646021341085688	6396250901838.5
110.096	249.819760833883	1.05534397174334	110.096	684982029236393	6782000289469.24
110.208	250.334336743729	1.06013811131253	110.208	726331209391213	7191398112784.29
110.32	250.850136512587	1.06494998561145	110.32	770217603704013	7625916868356.56
110.432	251.367165097088	1.06977964250229	110.432	816799332807658	8087122107006.51
110.544	251.885427470108	1.07462712995161	110.544	866244518202782	8576678398047.35
110.656	252.404928620857	1.07949249603146	110.656	918731923781820	9096355681008.12
110.768	252.925673554907	1.08437578891949	110.768	974451639063716	9648036030333.82
110.88	253.447667294261	1.08927705689976	110.88	1.03360580688717E15	10233720860269
110.992	253.970914877396	1.09419634836315	110.992	1.0964093984922E15	10855538598932.7
111.104	254.495421359336	1.09913371180813	111.104	1.16309103911691E15	11515752862543.7
111.216	255.021191811684	1.10408919584105	111.216	1.23389388744358E15	12216771162807.7
111.328	255.548231322698	1.10906284917695	111.328	1.30907657245259E15	12961154182698.9
111.44	256.076544997342	1.11405472064014	111.44	1.38891419147934E15	13751625658211.3
111.552	256.606137957334	1.11906485916461	111.552	1.47369937352436E15	14591082906181.7
111.664	257.137015341214	1.12409331379481	111.664	1.56374341213771E15	15482608040967.4
111.776	257.669182304389	1.12914013368605	111.776	1.65937747248863E15	16429479925630
111.888	258.202644019217	1.13420536810551	111.888	1.76095387754023E15	17435186906338.9
112	258.737405675023	1.13928906643223	112	1.86884747858014E15	18503440381981.5
112.112	259.273472478195	1.1443912781582	112.112	1.98345711571062E15	19638189264461.6
112.224	259.810849652226	1.14951205288887	112.224	2.10520717427747E15	20843635388885.8
112.336	260.349542437782	1.15465144034378	112.336	2.23454924362098E15	22124249936841.4
112.448	260.889556092737	1.15980949035691	112.448	2.37196388496118E15	23484790940209.7
112.56	261.430895892273	1.16498625287785	112.56	2.51796251568789E15	24930321937503.8
112.672	261.973567128902	1.17018177797186	112.672	2.67308941781888E15	26466231859592.9
112.784	262.517575112554	1.17539611582103	112.784	2.83792387890992E15	28098256226830.9
112.896	263.062925170621	1.18062931672449	112.896	3.01308247426433E15	29832499745191.4
113.008	263.60962264802	1.18588143109926	113.008	3.19922149988179E15	31675460394869.2
113.12	264.157672907273	1.1911525094811	113.12	3.3970395662326E15	33634055111213.8
113.232	264.707081328538	1.19644260252469	113.232	3.60728036361723E15	35715647164527
113.344	265.257853309701	1.20175176100481	113.344	3.83073561060793E15	37928075352553.8
113.456	265.809994266423	1.20708003581667	113.456	4.06824819784344E15	40279685127162.8
113.568	266.363509632198	1.21242747797664	113.568	4.3207155402828E15	42779361784978.3
113.68	266.91840485844	1.21779413862314	113.68	4.58909315191233E15	45436565860518.1
113.792	267.474685414515	1.22318006901696	113.792	4.87439845785236E15	48261370869825.3
113.904	268.032356787834	1.22858532054234	113.904	5.17771485982586E15	51264503562632.3
114.016	268.591424483902	1.23400994470743	114.016	5.50019607203534E15	54457386851835.1
114.128	269.151894026386	1.23945399314501	114.128	5.84307074566021E15	57852185600596.1
114.24	269.713770957183	1.2449175176133	114.24	6.20764740141912E15	61461855459595.2
114.352	270.27706083648	1.25040056999651	114.352	6.59531969097905E15	65300194960188.6
114.464	270.841769242827	1.25590320230572	114.464	7.0075720094007E15	69381901083175.2
114.576	271.407901773204	1.26142546667958	114.576	7.44598548232982E15	73722628537919
114.688	271.97546404308	1.26696741538486	114.688	7.91224435326649E15	78339053002638.6
114.8	272.54446168648	1.27252910081732	114.8	8.40814279797142E15	83248938593776.5
114.912	273.114900356074	1.27811057550264	114.912	8.93559219492549E15	88471209850747.5
115.024	273.686785723216	1.28371189209674	115.024	9.49662888273431E15	94026028541923.8
115.136	274.260123478028	1.28933310338679	115.136	1.00934224374936E16	99934875618748.3
115.248	274.834919329465	1.29497426229192	115.248	1.07282845053851E16	106220638667179
115.36	275.411179005395	1.30063542186408	115.36	1.14036782282096E16	112907705229798
115.472	275.98890825265	1.30631663528856	115.472	1.21222283021331E16	120022062397358
115.584	276.568112837102	1.31201795588488	115.584	1.28867317127106E16	127591403096145
115.696	277.148798543753	1.31773943710774	115.696	1.37001691922037E16	135645239526769
115.808	277.730971176779	1.32348113254748	115.808	1.4565717448373E16	144215024241317
115.92	278.314636559609	1.32924309593103	115.92	1.54867622173256E16	153334279379462
116.032	278.899800535014	1.33502538112286	116.032	1.64669121966129E16	163038734619930
116.144	279.486468965151	1.3408280421253	116.144	1.75100139186533E16	173366474442112
116.256	280.074647731659	1.34665113307987	116.256	1.86201676287047E16	184358095333710
116.368	280.664342735716	1.35249470826774	116.368	1.98017442360475E16	196056873624233
116.48	281.255559898129	1.35835882211076	116.48	2.10594034117814E16	208508944671103
116.592	281.848305159391	1.36424352917208	116.592	2.23981129117243E16	221763494175488
116.704	282.442584479764	1.37014888415707	116.704	2.3823169208333E16	235872962458743
116.816	283.038403839349	1.3760749419141	116.816	2.5340219521379E16	250893262587911
116.928	283.635769238169	1.38202175743545	116.928	2.69552853433386E16	266884013300382
117.04	284.234686696241	1.38798938585819	117.04	2.86747875621042E16	283908787743606
117.152	284.835162253639	1.39397788246466	117.152	3.05055732907676E16	302035379116511
117.264	285.437201970597	1.39998730268392	117.264	3.24549445218231E16	321336084374486
117.376	286.040811927554	1.40601770209193	117.376	3.45306887313397E16	341888007240987
117.488	286.645998225262	1.41206913641305	117.488	3.67411115673336E16	363773381854788
117.6	287.252766984845	1.41814166152049	117.6	3.90950717659767E16	387079918475016
117.712	287.861124347873	1.42423533343715	117.712	4.16020184492419E16	411901172764772
117.824	288.471076476459	1.43035020833686	117.824	4.42720309683118E16	438336940280314
117.936	289.082629553322	1.43648634254488	117.936	4.71158614685675E16	466493677906609
118.048	289.69578978187	1.44264379253896	118.048	5.01449803641965E16	496484954100955
118.16	290.310563386287	1.44882261495029	118.16	5.33716249236721E16	528431929937347
118.272	290.926956611606	1.45502286656421	118.272	5.68088511813545E16	562463873082718
118.384	291.544975723782	1.46124460432121	118.384	6.04705894056018E16	598718706986156
118.496	292.164627009802	1.46748788531804	118.496	6.43717033698374E16	637343597721163
118.608	292.785916777724	1.47375276680815	118.608	6.85280536903731E16	678495581092803
118.72	293.408851356796	1.48003930620301	118.72	7.2956565513206E16	722342232804020
118.832	294.033437097522	1.48634756107295	118.832	7.7675300851872E16	769062384672000
118.944	294.659680371748	1.49267758914806	118.944	8.27035358996413E16	818846890095459
119.056	295.287587572728	1.49902944831885	119.056	8.80618436620339E16	871899442198356
119.168	295.91716511525	1.50540319663784	119.168	9.37721822799943E16	928437448316775
119.28	296.548419435672	1.5117988923198	119.28	9.98579894401151E16	988692964753615
119.392	297.181356992042	1.5182165937432	119.392	1.06344283296246E17	1.05291369600244E15
119.504	297.815984264164	1.52465635945094	119.504	1.13257770356658E17	1.1213640629372E15
119.616	298.452307753687	1.53111824815129	119.616	1.20626960823023E17	1.1943263447824E15
119.728	299.090333984198	1.53760231871899	119.728	1.28482291901835E17	1.27210190001817E15
119.84	299.730069501301	1.54410863019617	119.84	1.36856259645478E17	1.3550124717374E15
119.952	300.371520872705	1.55063724179327	119.952	1.4578355991981E17	1.44340158336446E15
120.064	301.014694688317	1.55718821289013	120.064	1.55301239137034E17	1.53763603105974E15
120.176	301.659597560325	1.56376160303695	120.176	1.6544885543814E17	1.63810747958554E15
120.288	302.306236123283	1.57035747195517	120.288	1.76268651057373E17	1.74523416888488E15
120.4	302.9546170342	1.57697587953853	120.4	1.87805736653345E17	1.85946273914203E15
120.512	303.604746972648	1.58361688585432	120.512	2.00108288446888E17	1.98127018264246E15
120.624	304.256632640822	1.59028055114402	120.624	2.13227759065418E17	2.11116593134077E15
120.736	304.910280763648	1.5969669358245	120.736	2.27219103057555E17	2.24969408967877E15
120.848	305.565698088877	1.60367610048911	120.848	2.42141018110021E17	2.39743582287149E15
120.96	306.222891387163	1.61040810590861	120.96	2.58056203072591E17	2.55501191160982E15
121.072	306.88186745216	1.61716301303214	121.072	2.75031633975156E17	2.72308548490253E15
121.184	307.542633100618	1.62394088298848	121.184	2.93138859305584E17	2.90236494361965E15
121.296	308.205195172481	1.630741777087	121.296	3.12454315907413E17	3.09360708819221E15
121.408	308.869560530952	1.63756575681851	121.408	3.33059666953174E17	3.29762046488291E15
121.52	309.535736062629	1.64441288385672	121.52	3.55042163553274E17	3.51526894607202E15
121.632	310.203728677555	1.65128322005888	121.632	3.78495031671588E17	3.74747556110483E15
121.744	310.873545309353	1.65817682746725	121.744	4.03517886138436E17	3.99522659543006E15
121.856	311.545192915288	1.66509376830985	121.856	4.30217173679572E17	4.25957597702547E15
121.968	312.21867847638	1.67203410500172	121.968	4.58706647017332E17	4.54164997046863E15
122.08	312.894008997501	1.67899790014603	122.08	4.89107872246887E17	4.84265220046422E15
122.192	313.571191507459	1.68598521653502	122.192	5.21550771849172E17	5.16386902820962E15
122.304	314.250233059115	1.69299611715136	122.304	5.56174205870317E17	5.50667530564671E15
122.416	314.931140729453	1.70003066516888	122.416	5.93126593980177E17	5.87254053445719E15
122.528	315.613921619702	1.70708892395406	122.528	6.32566581316318E17	6.26303545857741E15
122.64	316.298582855428	1.714170957067	122.64	6.74663751229201E17	6.6798391210812E15
122.752	316.985131586624	1.72127682826244	122.752	7.19599388268345E17	7.12474641849847E15
122.864	317.673574987816	1.72840660149101	122.864	7.67567294989012E17	7.59967618801002E15
122.976	318.363920258178	1.73556034090053	122.976	8.18774666417797E17	8.10667986552274E15
123.088	319.056174621593	1.74273811083666	123.088	8.73443026290633E17	8.64795075535281E15
123.2	319.7503453268	1.74993997584463	123.2	9.31809229474684E17	9.22583395519489E15
