0	0	0
0.112	-0.813368072252369	-0.790335547140646
0.224	-0.841158807268952	-0.795271939730725
0.336	-0.868597921814494	-0.80020635120622
0.448	-0.895525804522239	-0.80513779397014
0.56	-0.921800652723294	-0.810065283942998
0.672	-0.947301976244766	-0.814987841742433
0.784	-0.971932509284188	-0.819904493830671
0.896	-0.995618607369662	-0.824814273635654
1.008	-1.01830935730215	-0.829716222657337
1.12	-1.03997471456603	-0.834609391569379
1.232	-1.06060300646738	-0.83949284126223
1.344	-1.08019811417488	-0.844365643882522
1.456	-1.0987765916565	-0.84922688382493
1.568	-1.11636491205135	-0.85407565869926
1.68	-1.13299696580607	-0.858911080254681
1.792	-1.14871187807904	-0.863732275264891
1.904	-1.1635521690311	-0.868538386377538
2.016	-1.17756224988839	-0.873328572912759
2.128	-1.19078722840366	-0.878102011625705
2.24	-1.20327198710624	-0.882857897416093
2.352	-1.21506049397236	-0.887595443996935
2.464	-1.22619530566399	-0.892313884509586
2.576	-1.23671722654129	-0.89701247209428
2.688	-1.24666509099305	-0.901690480412436
2.8	-1.25607564139976	-0.906347204115402
2.912	-1.26498347872508	-0.910981959268362
3.024	-1.27342106701949	-0.915594083721412
3.136	-1.28141877688402	-0.920182937434991
3.248	-1.28900495613688	-0.924747902754785
3.36	-1.2962060185778	-0.929288384638896
3.472	-1.3030465439016	-0.933803810838263
3.584	-1.30954938354076	-0.938293632034233
3.696	-1.31573576858343	-0.942757321923767
3.808	-1.32162541697985	-0.947194377269363
3.92	-1.32723663807588	-0.951604317900823
4.032	-1.33258643314109	-0.955986686679383
4.144	-1.33769059103703	-0.960341049420592
4.256	-1.34256377852559	-0.964666994780869
4.368	-1.34721962497951	-0.968964134105767
4.48	-1.35167080144758	-0.97323210124911
4.592	-1.35592909415994	-0.977470552351011
4.704	-1.36000547265219	-0.981679165595023
4.816	-1.36391015274754	-0.98585764092847
4.928	-1.36765265467298	-0.990005699762543
5.04	-1.37124185660621	-0.994123084639434
5.152	-1.37468604395686	-0.998209558884933
5.264	-1.37799295468435	-1.00226490623249
5.376	-1.38116982094698	-1.00628893043335
5.488	-1.38422340736505	-1.01028145484409
5.6	-1.38716004616639	-1.01424232200152
5.712	-1.3899856694665	-1.01817139318264
5.824	-1.39270583891945	-1.02206854795125
5.936	-1.39532577295819	-1.02593368369454
6.048	-1.39785037182725	-1.0297667151501
6.16	-1.40028424059436	-1.03356757392473
6.272	-1.40263171031297	-1.03733620800824
6.384	-1.40489685749299	-1.04107258128093
6.496	-1.40708352202411	-1.04477667301814
6.608	-1.40919532368356	-1.04844847739292
6.72	-1.41123567734883	-1.05208800297672
6.832	-1.4132078070252	-1.05569527224128
6.944	-1.4151147587885	-1.05927032106074
7.056	-1.41695941273452	-1.06281319821675
7.168	-1.41874449401835	-1.06632396490585
7.28	-1.42047258305975	-1.06980269425102
7.392	-1.42214612498367	-1.07324947081985
7.504	-1.42376743835919	-1.0766643901441
7.616	-1.42533872329427	-1.08004755825086
7.728	-1.42686206893893	-1.08339909119601
7.84	-1.42833946044458	-1.08671911460761
7.952	-1.42977278542333	-1.09000776323651
8.064	-1.43116383994704	-1.09326518051538
8.176	-1.43251433412257	-1.09649151812683
8.288	-1.43382589727655	-1.09968693558024
8.4	-1.43510008277998	-1.10285159979849
8.512	-1.43633837254061	-1.1059856847142
8.624	-1.43754218118844	-1.10908937087579
8.736	-1.43871285997776	-1.11216284506439
8.848	-1.43985170042709	-1.11520629992017
8.96	-1.44095993771647	-1.11821993357951
9.072	-1.44203875386025	-1.12120394932243
9.184	-1.44308928067181	-1.12415855523105
9.296	-1.44411260253525	-1.12708396385769
9.408	-1.44510975899817	-1.1299803919046
9.52	-1.44608174719816	-1.13284805991303
9.632	-1.4470295241349	-1.13568719196333
9.744	-1.4479540087987	-1.13849801538556
9.856	-1.4488560841654	-1.14128076047993
9.968	-1.449736599067	-1.14403566024709
10.08	-1.45059636994637	-1.14676295012936
10.192	-1.45143618250398	-1.14946286776098
10.304	-1.4522567932439	-1.15213565272831
10.416	-1.45305893092577	-1.1547815463393
10.528	-1.45384329792894	-1.15740079140265
10.64	-1.45461057153448	-1.15999363201607
10.752	-1.45536140513055	-1.162560313363
10.864	-1.45609642934581	-1.16510108151845
10.976	-1.45681625311567	-1.16761618326355
11.088	-1.45752146468555	-1.17010586590772
11.2	-1.45821263255502	-1.17257037711969
11.312	-1.45889030636665	-1.17500996476605
11.424	-1.45955501774284	-1.17742487675734
11.536	-1.46020728107389	-1.17981536090162
11.648	-1.46084759426023	-1.18218166476555
11.76	-1.46147643941165	-1.18452403554223
11.872	-1.46209428350597	-1.18684271992575
11.984	-1.46270157900971	-1.18913796399238
12.096	-1.46329876446289	-1.19141001308834
12.208	-1.46388626503013	-1.19365911172308
12.32	-1.46446449302001	-1.19588550346928
12.432	-1.46503384837455	-1.19808943086779
12.544	-1.46559471913046	-1.2002711353388
12.656	-1.4661474818539	-1.20243085709772
12.768	-1.4666925020502	-1.20456883507649
12.88	-1.46723013455004	-1.20668530684968
12.992	-1.46776072387332	-1.20878050856543
13.104	-1.46828460457214	-1.21085467488087
13.216	-1.46880210155402	-1.21290803890172
13.328	-1.46931353038641	-1.21494083212657
13.44	-1.46981919758376	-1.21695328439456
13.552	-1.47031940087797	-1.21894562383747
13.664	-1.47081442947321	-1.22091807683495
13.776	-1.47130456428618	-1.22287086797374
13.888	-1.47179007817239	-1.2248042200102
14	-1.47227123613952	-1.22671835383566
14.112	-1.4727482955485	-1.22861348844533
14.224	-1.4732215063031	-1.23048984091004
14.336	-1.47369111102867	-1.23234762635051
14.448	-1.47415734524073	-1.23418705791465
14.56	-1.4746204375041	-1.2360083467573
14.672	-1.47508060958304	-1.23781170202221
14.784	-1.47553807658309	-1.23959733082675
14.896	-1.47599304708508	-1.24136543824824
15.008	-1.47644572327189	-1.24311622731304
15.12	-1.47689630104841	-1.244849898987
15.232	-1.47734497015523	-1.24656665216825
15.344	-1.47779191427644	-1.24826668368147
15.456	-1.47823731114204	-1.24995018827412
15.568	-1.47868133262532	-1.25161735861402
15.68	-1.47912414483569	-1.25326838528872
15.792	-1.47956590820718	-1.25490345680599
15.904	-1.4800067775832	-1.25652275959581
16.016	-1.48044690229762	-1.25812647801377
16.128	-1.4808864262528	-1.25971479434557
16.24	-1.48132548799463	-1.26128788881245
16.352	-1.481764220785	-1.26284593957803
16.464	-1.48220275267199	-1.26438912275595
16.576	-1.482641206558	-1.26591761241844
16.688	-1.48307970026605	-1.26743158060587
16.8	-1.48351834660466	-1.26893119733711
16.912	-1.48395725343124	-1.27041663062053
17.024	-1.48439652371455	-1.27188804646581
17.136	-1.48483625559611	-1.27334560889655
17.248	-1.48527654245104	-1.27478947996323
17.36	-1.4857174729483	-1.27621981975694
17.472	-1.48615913111051	-1.2776367864236
17.584	-1.48660159637375	-1.27904053617862
17.696	-1.4870449436471	-1.28043122332211
17.808	-1.48748924337237	-1.28180900025446
17.92	-1.48793456158403	-1.28317401749221
18.032	-1.4883809599694	-1.28452642368445
18.144	-1.48882849592931	-1.2858663656294
18.256	-1.48927722263919	-1.28719398829128
18.368	-1.48972718911088	-1.28850943481759
18.48	-1.49017844025499	-1.28981284655637
18.592	-1.49063101694401	-1.29110436307386
18.704	-1.4910849560763	-1.29238412217236
18.816	-1.49154029064077	-1.29365225990796
18.928	-1.49199704978254	-1.2949089106088
19.04	-1.49245525886949	-1.29615420689317
19.152	-1.49291493955965	-1.29738827968785
19.264	-1.49337610986966	-1.29861125824633
19.376	-1.49383878424406	-1.29982327016736
19.488	-1.4943029736256	-1.3010244414133
19.6	-1.49476868552647	-1.3022148963287
19.712	-1.49523592410045	-1.30339475765862
19.824	-1.49570469021599	-1.30456414656728
19.936	-1.49617498153014	-1.30572318265645
20.048	-1.49664679256342	-1.30687198398385
20.16	-1.49712011477539	-1.30801066708159
20.272	-1.49759493664111	-1.30913934697454
20.384	-1.49807124372828	-1.31025813719848
20.496	-1.49854901877509	-1.31136714981848
20.608	-1.4990282417687	-1.3124664954469
20.72	-1.49950889002435	-1.31355628326146
20.832	-1.49999093826488	-1.31463662102323
20.944	-1.50047435870087	-1.31570761509434
21.056	-1.50095912111103	-1.31676937045591
21.168	-1.50144519292305	-1.31782199072545
21.28	-1.50193253929464	-1.31886557817446
21.392	-1.50242112319478	-1.31990023374577
21.504	-1.50291090548514	-1.32092605707079
21.616	-1.50340184500149	-1.32194314648648
21.728	-1.50389389863518	-1.32295159905249
21.84	-1.50438702141444	-1.32395151056777
21.952	-1.5048811665856	-1.32494297558734
22.064	-1.50537628569402	-1.32592608743872
22.176	-1.50587232866478	-1.32690093823837
22.288	-1.50636924388292	-1.32786761890775
22.4	-1.50686697827332	-1.3288262191894
22.512	-1.50736547737999	-1.32977682766288
22.624	-1.50786468544483	-1.33071953176035
22.736	-1.50836454548572	-1.33165441778214
22.848	-1.50886499937392	-1.33258157091217
22.96	-1.50936598791067	-1.33350107523312
23.072	-1.50986745090297	-1.33441301374144
23.184	-1.51036932723843	-1.33531746836223
23.296	-1.51087155495926	-1.33621451996392
23.408	-1.51137407133514	-1.33710424837283
23.52	-1.5118768129351	-1.3379867323875
23.632	-1.51237971569827	-1.33886204979286
23.744	-1.51288271500349	-1.33973027737425
23.856	-1.5133857457377	-1.34059149093124
23.968	-1.51388874236311	-1.34144576529135
24.08	-1.51439163898304	-1.34229317432348
24.192	-1.51489436940651	-1.34313379095134
24.304	-1.51539686721146	-1.3439676871665
24.416	-1.51589906580651	-1.34479493404144
24.528	-1.51640089849142	-1.34561560174239
24.64	-1.51690229851606	-1.34642975954196
24.752	-1.51740319913789	-1.34723747583162
24.864	-1.51790353367801	-1.34803881813413
24.976	-1.5184032355757	-1.34883385311555
25.088	-1.51890223844141	-1.34962264659735
25.2	-1.51940047610828	-1.35040526356826
25.312	-1.51989788268205	-1.35118176819589
25.424	-1.52039439258953	-1.35195222383831
25.536	-1.5208899406254	-1.35271669305536
25.648	-1.52138446199753	-1.35347523761994
25.76	-1.52187789237075	-1.35422791852899
25.872	-1.52237016790901	-1.35497479601444
25.984	-1.52286122531607	-1.35571592955394
26.096	-1.52335100187454	-1.35645137788148
26.208	-1.52383943548351	-1.35718119899782
26.32	-1.52432646469455	-1.35790545018083
26.432	-1.5248120287462	-1.3586241879956
26.544	-1.52529606759704	-1.35933746830452
26.656	-1.52577852195717	-1.3600453462771
26.768	-1.52625933331823	-1.3607478763997
26.88	-1.52673844398205	-1.36144511248521
26.992	-1.52721579708771	-1.36213710768239
27.104	-1.52769133663731	-1.36282391448526
27.216	-1.52816500752026	-1.36350558474228
27.328	-1.5286367555362	-1.36418216966537
27.44	-1.5291065274166	-1.36485371983887
27.552	-1.52957427084499	-1.36552028522831
27.664	-1.53003993447583	-1.36618191518909
27.776	-1.53050346795224	-1.36683865847499
27.888	-1.53096482192227	-1.36749056324662
28	-1.53142394805412	-1.3681376770797
28.112	-1.53188079905001	-1.36878004697317
28.224	-1.53233532865894	-1.36941771935736
28.336	-1.53278749168827	-1.37005074010178
28.448	-1.53323724401419	-1.37067915452306
28.56	-1.53368454259106	-1.37130300739257
28.672	-1.53412934545968	-1.371922342944
28.784	-1.53457161175456	-1.37253720488093
28.896	-1.53501130171007	-1.37314763638404
29.008	-1.53544837666576	-1.37375368011851
29.12	-1.53588279907055	-1.37435537824108
29.232	-1.5363145324861	-1.37495277240709
29.344	-1.53674354158921	-1.37554590377748
29.456	-1.53716979217339	-1.37613481302557
29.568	-1.53759325114959	-1.37671954034378
29.68	-1.538013886546	-1.3773001254503
29.792	-1.5384316675072	-1.37787660759562
29.904	-1.53884656429244	-1.37844902556894
30.016	-1.53925854827326	-1.37901741770453
30.128	-1.53966759193027	-1.37958182188797
30.24	-1.54007366884939	-1.38014227556229
30.352	-1.54047675371732	-1.38069881573406
30.464	-1.54087682231644	-1.38125147897933
30.576	-1.54127385151903	-1.38180030144954
30.688	-1.54166781928095	-1.38234531887731
30.8	-1.54205870463476	-1.3828865665821
30.912	-1.54244648768226	-1.38342407947591
31.024	-1.54283114958656	-1.38395789206877
31.136	-1.54321267256362	-1.38448803847422
31.248	-1.54359103987332	-1.38501455241466
31.36	-1.54396623581011	-1.38553746722666
31.472	-1.54433824569321	-1.38605681586621
31.584	-1.54470705585638	-1.38657263091379
31.696	-1.54507265363737	-1.38708494457949
31.808	-1.54543502736694	-1.387593788708
31.92	-1.54579416635755	-1.38809919478344
32.032	-1.54615006089172	-1.38860119393434
32.144	-1.54650270221014	-1.38909981693829
32.256	-1.54685208249938	-1.3895950942267
32.368	-1.54719819487939	-1.39008705588941
32.48	-1.5475410333908	-1.39057573167923
32.592	-1.54788059298183	-1.39106115101649
32.704	-1.54821686949517	-1.3915433429934
32.816	-1.54854985965445	-1.39202233637847
32.928	-1.5488795610507	-1.39249815962075
33.04	-1.54920597212853	-1.39297084085411
33.152	-1.54952909217216	-1.39344040790139
33.264	-1.54984892129136	-1.3939068882785
33.376	-1.55016546040716	-1.39437030919848
33.488	-1.55047871123755	-1.39483069757551
33.6	-1.55078867628299	-1.39528808002878
33.712	-1.55109535881188	-1.39574248288644
33.824	-1.55139876284591	-1.39619393218936
33.936	-1.55169889314535	-1.39664245369488
34.048	-1.55199575519433	-1.3970880728806
34.16	-1.55228935518597	-1.39753081494792
34.272	-1.5525797000076	-1.3979707048257
34.384	-1.55286679722584	-1.3984077671738
34.496	-1.55315065507176	-1.39884202638656
34.608	-1.55343128242595	-1.39927350659625
34.72	-1.55370868880366	-1.39970223167645
34.832	-1.55398288433993	-1.40012822524542
34.944	-1.5542538797747	-1.40055151066934
35.056	-1.55452168643804	-1.40097211106562
35.168	-1.55478631623532	-1.40139004930606
35.28	-1.5550477816325	-1.40180534801999
35.392	-1.55530609564145	-1.40221802959743
35.504	-1.55556127180529	-1.40262811619209
35.616	-1.55581332418387	-1.40303562972444
35.728	-1.55606226733928	-1.40344059188464
35.84	-1.55630811632141	-1.40384302413551
35.952	-1.55655088665371	-1.40424294771538
36.064	-1.55679059431891	-1.40464038364097
36.176	-1.55702725574491	-1.40503535271018
36.288	-1.55726088779075	-1.40542787550487
36.4	-1.55749150773275	-1.40581797239356
36.512	-1.55771913325066	-1.40620566353416
36.624	-1.55794378241398	-1.40659096887656
36.736	-1.55816547366847	-1.4069739081653
36.848	-1.55838422582264	-1.40735450094211
36.96	-1.55860005803453	-1.40773276654847
37.072	-1.5588129897985	-1.40810872412809
37.184	-1.55902304093222	-1.40848239262938
37.296	-1.55923023156384	-1.40885379080789
37.408	-1.55943458211916	-1.40922293722871
37.52	-1.55963611330917	-1.4095898502688
37.632	-1.55983484611752	-1.4099545481194
37.744	-1.56003080178829	-1.4103170487882
37.856	-1.56022400181388	-1.41067737010173
37.968	-1.56041446792302	-1.41103552970753
38.08	-1.56060222206901	-1.41139154507632
38.192	-1.56078728641806	-1.41174543350426
38.304	-1.56096968333783	-1.41209721211502
38.416	-1.56114943538614	-1.4124468978619
38.528	-1.56132656529986	-1.41279450752992
38.64	-1.5615010959839	-1.4131400577379
38.752	-1.56167305050046	-1.41348356494041
38.864	-1.56184245205842	-1.41382504542985
38.976	-1.5620093240029	-1.41416451533834
39.088	-1.56217368980499	-1.41450199063972
39.2	-1.56233557305165	-1.41483748715143
39.312	-1.56249499743583	-1.4151710205364
39.424	-1.56265198674674	-1.41550260630493
39.536	-1.56280656486026	-1.4158322598165
39.648	-1.56295875572959	-1.41615999628158
39.76	-1.56310858337608	-1.41648583076345
39.872	-1.56325607188014	-1.4168097781799
39.984	-1.56340124537247	-1.41713185330503
40.096	-1.56354412802537	-1.41745207077093
40.208	-1.56368474404427	-1.41777044506935
40.32	-1.5638231176594	-1.41808699055341
40.432	-1.56395927311769	-1.4184017214392
40.544	-1.56409323467482	-1.41871465180746
40.656	-1.56422502658744	-1.41902579560508
40.768	-1.56435467310557	-1.4193351666468
40.88	-1.5644821984652	-1.41964277861666
40.992	-1.56460762688103	-1.41994864506959
41.104	-1.56473098253941	-1.42025277943293
41.216	-1.56485228959141	-1.42055519500788
41.328	-1.56497157214616	-1.42085590497101
41.44	-1.56508885426424	-1.42115492237571
41.552	-1.56520415995131	-1.4214522601536
41.664	-1.5653175131519	-1.42174793111597
41.776	-1.56542893774337	-1.42204194795518
41.888	-1.56553845753001	-1.42233432324601
42	-1.56564609623736	-1.42262506944704
42.112	-1.5657518775066	-1.42291419890198
42.224	-1.56585582488921	-1.42320172384102
42.336	-1.56595796184174	-1.42348765638209
42.448	-1.56605831172069	-1.42377200853218
42.56	-1.56615689777765	-1.42405479218861
42.672	-1.56625374315453	-1.42433601914027
42.784	-1.56634887087894	-1.42461570106888
42.896	-1.56644230385976	-1.42489384955017
43.008	-1.56653406488284	-1.42517047605514
43.12	-1.56662417660684	-1.42544559195122
43.232	-1.56671266155922	-1.42571920850343
43.344	-1.56679954213241	-1.42599133687558
43.456	-1.56688484058009	-1.42626198813137
43.568	-1.5669685790136	-1.42653117323554
43.68	-1.56705077939852	-1.42679890305499
43.792	-1.56713146355137	-1.42706518835987
43.904	-1.56721065313648	-1.42733003982467
44.016	-1.56728836966294	-1.42759346802927
44.128	-1.56736463448169	-1.42785548346003
44.24	-1.56743946878282	-1.42811609651083
44.352	-1.56751289359287	-1.42837531748406
44.464	-1.56758492977236	-1.42863315659169
44.576	-1.56765559801342	-1.42888962395623
44.688	-1.56772491883748	-1.42914472961176
44.8	-1.56779291259315	-1.42939848350488
44.912	-1.56785959945424	-1.42965089549567
45.024	-1.56792499941777	-1.42990197535867
45.136	-1.56798913230224	-1.43015173278382
45.248	-1.56805201774593	-1.43040017737736
45.36	-1.5681136752053	-1.43064731866277
45.472	-1.56817412395356	-1.43089316608166
45.584	-1.56823338307929	-1.4311377289947
45.696	-1.56829147148519	-1.43138101668245
45.808	-1.5683484078869	-1.43162303834628
45.92	-1.56840421081198	-1.4318638031092
46.032	-1.56845889859892	-1.4321033200167
46.144	-1.56851248939629	-1.43234159803766
46.256	-1.56856500116194	-1.43257864606506
46.368	-1.56861645166236	-1.43281447291692
46.48	-1.56866685847205	-1.43304908733703
46.592	-1.56871623897303	-1.43328249799577
46.704	-1.56876461035441	-1.4335147134909
46.816	-1.56881198961206	-1.43374574234835
46.928	-1.56885839354833	-1.43397559302294
47.04	-1.56890383877189	-1.43420427389921
47.152	-1.56894834169762	-1.43443179329212
47.264	-1.56899191854657	-1.43465815944779
47.376	-1.56903458534604	-1.43488338054426
47.488	-1.56907635792963	-1.43510746469219
47.6	-1.56911725193747	-1.43533041993558
47.712	-1.56915728281648	-1.43555225425246
47.824	-1.56919646582064	-1.43577297555563
47.936	-1.5692348160114	-1.43599259169327
48.048	-1.56927234825812	-1.43621111044969
48.16	-1.56930907723854	-1.43642853954597
48.272	-1.56934501743939	-1.43664488664064
48.384	-1.56938018315694	-1.43686015933028
48.496	-1.56941458849773	-1.43707436515025
48.608	-1.56944824737922	-1.43728751157525
48.72	-1.56948117353064	-1.43749960601999
48.832	-1.56951338049373	-1.43771065583983
48.944	-1.56954488162368	-1.43792066833133
49.056	-1.56957569008998	-1.43812965073295
49.168	-1.56960581887743	-1.43833761022554
49.28	-1.56963528078708	-1.43854455393305
49.392	-1.56966408843733	-1.43875048892301
49.504	-1.56969225426497	-1.43895542220719
49.616	-1.56971979052632	-1.43915936074213
49.728	-1.56974670929836	-1.4393623114297
49.84	-1.56977302247994	-1.43956428111769
49.952	-1.56979874179298	-1.43976527660034
50.064	-1.56982387878375	-1.43996530461889
50.176	-1.56984844482412	-1.4401643718621
50.288	-1.56987245111292	-1.44036248496681
50.4	-1.56989590867721	-1.44055965051848
50.512	-1.56991882837372	-1.44075587505165
50.624	-1.5699412208902	-1.4409511650505
50.736	-1.56996309674683	-1.44114552694935
50.848	-1.56998446629768	-1.44133896713315
50.96	-1.57000533973217	-1.44153149193799
51.072	-1.57002572707653	-1.44172310765158
51.184	-1.5700456381953	-1.44191382051372
51.296	-1.57006508279285	-1.44210363671682
51.408	-1.57008407041493	-1.44229256240632
51.52	-1.57010261045016	-1.44248060368119
51.632	-1.57012071213167	-1.44266776659441
51.744	-1.57013838453861	-1.44285405715337
51.856	-1.57015563659775	-1.44303948132035
51.968	-1.57017247708511	-1.44322404501298
52.08	-1.57018891462751	-1.44340775410467
52.192	-1.57020495770426	-1.44359061442504
52.304	-1.57022061464869	-1.44377263176033
52.416	-1.57023589364988	-1.44395381185388
52.528	-1.57025080275421	-1.44413416040649
52.64	-1.57026534986708	-1.44431368307689
52.752	-1.57027954275448	-1.4444923854821
52.864	-1.57029338904471	-1.44467027319786
52.976	-1.57030689622999	-1.44484735175904
53.088	-1.57032007166814	-1.44502362666004
53.2	-1.57033292258422	-1.44519910335514
53.312	-1.57034545607219	-1.44537378725892
53.424	-1.57035767909659	-1.44554768374666
53.536	-1.57036959849415	-1.44572079815469
53.648	-1.5703812209755	-1.44589313578076
53.76	-1.57039255312677	-1.44606470188444
53.872	-1.5704036014113	-1.44623550168744
53.984	-1.5704143721712	-1.44640554037404
54.096	-1.57042487162909	-1.44657482309136
54.208	-1.57043510588967	-1.44674335494981
54.32	-1.57044508094137	-1.44691114102336
54.432	-1.57045480265799	-1.44707818634992
54.544	-1.57046427680029	-1.44724449593167
54.656	-1.57047350901763	-1.44741007473543
54.768	-1.57048250484958	-1.44757492769294
54.88	-1.57049126972747	-1.44773905970124
54.992	-1.57049980897605	-1.44790247562296
55.104	-1.57050812781501	-1.44806518028668
55.216	-1.57051623136059	-1.4482271784872
55.328	-1.57052412462712	-1.44838847498591
55.44	-1.57053181252858	-1.44854907451105
55.552	-1.57053929988015	-1.44870898175807
55.664	-1.57054659139972	-1.44886820138988
55.776	-1.57055369170943	-1.4490267380372
55.888	-1.57056060533718	-1.44918459629884
56	-1.57056733671812	-1.44934178074198
56.112	-1.57057389019613	-1.44949829590249
56.224	-1.5705802700253	-1.44965414628519
56.336	-1.57058648037139	-1.44980933636417
56.448	-1.57059252531328	-1.44996387058303
56.56	-1.57059840884442	-1.45011775335519
56.672	-1.57060413487422	-1.45027098906416
56.784	-1.57060970722949	-1.4504235820638
56.896	-1.57061512965581	-1.4505755366786
57.008	-1.57062040581895	-1.45072685720396
57.12	-1.57062553930617	-1.45087754790642
57.232	-1.57063053362768	-1.45102761302395
57.344	-1.57063539221786	-1.45117705676622
57.456	-1.57064011843668	-1.45132588331479
57.568	-1.57064471557098	-1.45147409682345
57.68	-1.57064918683573	-1.4516217014184
57.792	-1.57065353537539	-1.45176870119852
57.904	-1.57065776426511	-1.45191510023566
58.016	-1.570661876512	-1.45206090257478
58.128	-1.57066587505641	-1.45220611223429
58.24	-1.57066976277308	-1.45235073320624
58.352	-1.57067354247242	-1.45249476945654
58.464	-1.57067721690166	-1.45263822492524
58.576	-1.57068078874604	-1.4527811035267
58.688	-1.57068426062998	-1.45292340914986
58.8	-1.57068763511823	-1.45306514565845
58.912	-1.57069091471698	-1.45320631689121
59.024	-1.570694101875	-1.4533469266621
59.136	-1.57069719898477	-1.45348697876054
59.248	-1.5707002083835	-1.4536264769516
59.36	-1.57070313235425	-1.45376542497624
59.472	-1.57070597312699	-1.45390382655148
59.584	-1.57070873287964	-1.45404168537065
59.696	-1.57071141373908	-1.45417900510355
59.808	-1.57071401778218	-1.4543157893967
59.92	-1.5707165470368	-1.45445204187352
60.032	-1.57071900348276	-1.45458776613452
60.144	-1.57072138905282	-1.45472296575749
60.256	-1.57072370563366	-1.45485764429774
60.368	-1.57072595506677	-1.45499180528824
60.48	-1.57072813914941	-1.45512545223983
60.592	-1.57073025963551	-1.45525858864142
60.704	-1.57073231823656	-1.45539121796017
60.816	-1.57073431662254	-1.45552334364165
60.928	-1.57073625642271	-1.45565496911006
61.04	-1.57073813922654	-1.45578609776838
61.152	-1.57073996658449	-1.45591673299858
61.264	-1.5707417400089	-1.45604687816176
61.376	-1.57074346097474	-1.45617653659835
61.488	-1.57074513092046	-1.45630571162827
61.6	-1.57074675124875	-1.45643440655112
61.712	-1.57074832332731	-1.45656262464632
61.824	-1.57074984848964	-1.45669036917331
61.936	-1.57075132803574	-1.45681764337167
62.048	-1.5707527632329	-1.45694445046134
62.16	-1.57075415531637	-1.45707079364274
62.272	-1.57075550549011	-1.45719667609696
62.384	-1.57075681492744	-1.45732210098588
62.496	-1.57075808477177	-1.45744707145237
62.608	-1.57075931613724	-1.45757159062042
62.72	-1.5707605101094	-1.4576956615953
62.832	-1.57076166774583	-1.45781928746371
62.944	-1.57076279007679	-1.45794247129393
63.056	-1.57076387810586	-1.45806521613598
63.168	-1.57076493281052	-1.45818752502175
63.28	-1.57076595514277	-1.45830940096516
63.392	-1.57076694602971	-1.45843084696229
63.504	-1.57076790637412	-1.45855186599155
63.616	-1.57076883705502	-1.45867246101379
63.728	-1.57076973892824	-1.45879263497244
63.84	-1.57077061282695	-1.45891239079368
63.952	-1.5707714595622	-1.45903173138656
64.064	-1.57077227992344	-1.45915065964313
64.176	-1.57077307467904	-1.45926917843855
64.288	-1.57077384457679	-1.4593872906313
64.4	-1.57077459034437	-1.45950499906321
64.512	-1.57077531268987	-1.45962230655969
64.624	-1.57077601230224	-1.45973921592976
64.736	-1.57077668985177	-1.45985572996627
64.848	-1.57077734599052	-1.45997185144595
64.96	-1.57077798135277	-1.46008758312959
65.072	-1.57077859655548	-1.46020292776214
65.184	-1.57077919219868	-1.46031788807281
65.296	-1.57077976886591	-1.46043246677523
65.408	-1.57078032712463	-1.46054666656755
65.52	-1.57078086752661	-1.46066049013256
65.632	-1.57078139060831	-1.46077394013781
65.744	-1.57078189689129	-1.46088701923572
65.856	-1.57078238688257	-1.4609997300637
65.968	-1.570782861075	-1.46111207524427
66.08	-1.57078331994759	-1.46122405738513
66.192	-1.57078376396592	-1.46133567907935
66.304	-1.57078419358243	-1.4614469429054
66.416	-1.57078460923677	-1.46155785142732
66.528	-1.57078501135615	-1.46166840719477
66.64	-1.57078540035562	-1.46177861274319
66.752	-1.57078577663842	-1.46188847059387
66.864	-1.57078614059627	-1.46199798325409
66.976	-1.57078649260966	-1.46210715321717
67.088	-1.57078683304817	-1.46221598296261
67.2	-1.57078716227073	-1.4623244749562
67.312	-1.5707874806259	-1.46243263165008
67.424	-1.57078778845217	-1.46254045548288
67.536	-1.5707880860782	-1.46264794887979
67.648	-1.57078837382309	-1.46275511425267
67.76	-1.57078865199661	-1.46286195400015
67.872	-1.57078892089951	-1.46296847050771
67.984	-1.57078918082369	-1.46307466614778
68.096	-1.57078943205249	-1.46318054327984
68.208	-1.5707896748609	-1.46328610425051
68.32	-1.57078990951576	-1.46339135139362
68.432	-1.57079013627604	-1.46349628703035
68.544	-1.57079035539301	-1.46360091346926
68.656	-1.57079056711044	-1.46370523300642
68.768	-1.57079077166487	-1.46380924792548
68.88	-1.57079096928572	-1.46391296049776
68.992	-1.57079116019556	-1.46401637298234
69.104	-1.57079134461025	-1.46411948762611
69.216	-1.57079152273916	-1.46422230666394
69.328	-1.57079169478532	-1.46432483231866
69.44	-1.57079186094562	-1.4644270668012
69.552	-1.57079202141098	-1.46452901231068
69.664	-1.57079217636651	-1.46463067103445
69.776	-1.57079232599165	-1.46473204514819
69.888	-1.57079247046038	-1.464833136816
70	-1.57079260994133	-1.46493394819047
70.112	-1.57079274459797	-1.46503448141273
70.224	-1.57079287458872	-1.46513473861259
70.336	-1.57079300006712	-1.46523472190854
70.448	-1.57079312118194	-1.46533443340788
70.56	-1.57079323807736	-1.46543387520677
70.672	-1.57079335089306	-1.46553304939031
70.784	-1.57079345976438	-1.46563195803261
70.896	-1.57079356482242	-1.46573060319687
71.008	-1.5707936661942	-1.46582898693542
71.12	-1.57079376400274	-1.46592711128985
71.232	-1.57079385836718	-1.46602497829101
71.344	-1.57079394940292	-1.46612258995914
71.456	-1.57079403722171	-1.4662199483039
71.568	-1.57079412193177	-1.46631705532443
71.68	-1.57079420363786	-1.46641391300946
71.792	-1.57079428244145	-1.46651052333734
71.904	-1.57079435844074	-1.46660688827613
72.016	-1.57079443173079	-1.46670300978363
72.128	-1.57079450240366	-1.46679888980748
72.24	-1.5707945705484	-1.4668945302852
72.352	-1.57079463625124	-1.46698993314427
72.464	-1.5707946995956	-1.46708510030217
72.576	-1.57079476066222	-1.46718003366647
72.688	-1.57079481952922	-1.46727473513487
72.8	-1.5707948762722	-1.46736920659527
72.912	-1.57079493096428	-1.4674634499258
73.024	-1.57079498367622	-1.46755746699495
73.136	-1.57079503447644	-1.46765125966154
73.248	-1.57079508343114	-1.46774482977484
73.36	-1.57079513060435	-1.46783817917462
73.472	-1.57079517605799	-1.46793130969116
73.584	-1.57079521985195	-1.46802422314537
73.696	-1.57079526204411	-1.46811692134881
73.808	-1.57079530269049	-1.46820940610373
73.92	-1.57079534184519	-1.46830167920318
74.032	-1.57079537956057	-1.468393742431
74.144	-1.57079541588721	-1.46848559756191
74.256	-1.57079545087402	-1.46857724636155
74.368	-1.57079548456826	-1.46866869058655
74.48	-1.57079551701562	-1.46875993198455
74.592	-1.57079554826025	-1.46885097229428
74.704	-1.57079557834482	-1.4689418132456
74.816	-1.57079560731055	-1.46903245655954
74.928	-1.57079563519729	-1.46912290394837
75.04	-1.57079566204351	-1.46921315711562
75.152	-1.5707956878864	-1.46930321775617
75.264	-1.57079571276188	-1.46939308755625
75.376	-1.57079573670465	-1.46948276819353
75.488	-1.5707957597482	-1.46957226133713
75.6	-1.57079578192491	-1.4696615686477
75.712	-1.57079580326603	-1.46975069177745
75.824	-1.57079582380175	-1.46983963237018
75.936	-1.5707958435612	-1.46992839206137
76.048	-1.57079586257253	-1.47001697247815
76.16	-1.57079588086291	-1.47010537523944
76.272	-1.57079589845856	-1.47019360195592
76.384	-1.5707959153848	-1.47028165423008
76.496	-1.57079593166607	-1.47036953365631
76.608	-1.57079594732596	-1.47045724182089
76.72	-1.57079596238722	-1.47054478030207
76.832	-1.57079597687183	-1.47063215067009
76.944	-1.570795990801	-1.4707193544872
77.056	-1.57079600419516	-1.47080639330776
77.168	-1.57079601707407	-1.47089326867825
77.28	-1.57079602945676	-1.47097998213727
77.392	-1.5707960413616	-1.47106653521564
77.504	-1.57079605280631	-1.47115292943642
77.616	-1.57079606380798	-1.47123916631494
77.728	-1.57079607438311	-1.47132524735882
77.84	-1.57079608454758	-1.47141117406805
77.952	-1.57079609431673	-1.47149694793501
78.064	-1.57079610370534	-1.47158257044449
78.176	-1.57079611272768	-1.47166804307374
78.288	-1.57079612139749	-1.47175336729252
78.4	-1.57079612972801	-1.47183854456311
78.512	-1.57079613773203	-1.47192357634035
78.624	-1.57079614542186	-1.47200846407172
78.736	-1.57079615280938	-1.47209320919728
78.848	-1.57079615990601	-1.47217781314981
78.96	-1.57079616672279	-1.47226227735478
79.072	-1.57079617327034	-1.47234660323039
79.184	-1.57079617955891	-1.47243079218762
79.296	-1.57079618559836	-1.47251484563026
79.408	-1.5707961913982	-1.47259876495494
79.52	-1.57079619696758	-1.47268255155115
79.632	-1.57079620231533	-1.47276620680128
79.744	-1.57079620744995	-1.47284973208068
79.856	-1.57079621237963	-1.47293312875764
79.968	-1.57079621711224	-1.47301639819345
80.08	-1.57079622165539	-1.47309954174244
80.192	-1.57079622601639	-1.473182560752
80.304	-1.57079623020228	-1.47326545656258
80.416	-1.57079623421984	-1.47334823050778
80.528	-1.5707962380756	-1.47343088391432
80.64	-1.57079624177584	-1.47351341810213
80.752	-1.57079624532663	-1.47359583438432
80.864	-1.57079624873378	-1.47367813406722
80.976	-1.5707962520029	-1.47376031845047
81.088	-1.57079625513939	-1.47384238882695
81.2	-1.57079625814844	-1.47392434648289
81.312	-1.57079626103506	-1.47400619269786
81.424	-1.57079626380404	-1.47408792874478
81.536	-1.57079626646003	-1.47416955589
81.648	-1.57079626900747	-1.47425107539328
81.76	-1.57079627145065	-1.47433248850784
81.872	-1.57079627379369	-1.47441379648036
81.984	-1.57079627604055	-1.47449500055105
82.096	-1.57079627819506	-1.47457610195362
82.208	-1.57079628026088	-1.47465710191538
82.32	-1.57079628224153	-1.47473800165716
82.432	-1.57079628414042	-1.47481880239345
82.544	-1.5707962859608	-1.47489950533234
82.656	-1.57079628770582	-1.47498011167558
82.768	-1.57079628937848	-1.47506062261859
82.88	-1.5707962909817	-1.47514103935052
82.992	-1.57079629251825	-1.4752213630542
83.104	-1.57079629399083	-1.47530159490625
83.216	-1.570796295402	-1.47538173607703
83.328	-1.57079629675425	-1.47546178773072
83.44	-1.57079629804996	-1.47554175102531
83.552	-1.57079629929141	-1.47562162711262
83.664	-1.5707963004808	-1.47570141713833
83.776	-1.57079630162024	-1.47578112224203
83.888	-1.57079630271177	-1.47586074355718
84	-1.57079630375734	-1.47594028221119
84.112	-1.57079630475882	-1.47601973932541
84.224	-1.57079630571801	-1.47609911601518
84.336	-1.57079630663664	-1.47617841338979
84.448	-1.57079630751637	-1.47625763255258
84.56	-1.5707963083588	-1.4763367746009
84.672	-1.57079630916545	-1.47641584062616
84.784	-1.57079630993781	-1.47649483171384
84.896	-1.57079631067728	-1.47657374894352
85.008	-1.57079631138522	-1.47665259338888
85.12	-1.57079631206294	-1.47673136611774
85.232	-1.57079631271168	-1.47681006819207
85.344	-1.57079631333264	-1.47688870066801
85.456	-1.57079631392698	-1.47696726459589
85.568	-1.57079631449581	-1.47704576102025
85.68	-1.57079631504019	-1.47712419097984
85.792	-1.57079631556113	-1.47720255550768
85.904	-1.57079631605962	-1.47728085563105
86.016	-1.57079631653659	-1.4773590923715
86.128	-1.57079631699294	-1.47743726674488
86.24	-1.57079631742955	-1.47751537976136
86.352	-1.57079631784723	-1.47759343242547
86.464	-1.57079631824679	-1.47767142573605
86.576	-1.57079631862898	-1.47774936068634
86.688	-1.57079631899455	-1.47782723826397
86.8	-1.57079631934418	-1.47790505945095
86.912	-1.57079631967856	-1.47798282522373
87.024	-1.57079631999834	-1.4780605365532
87.136	-1.57079632030412	-1.47813819440469
87.248	-1.57079632059651	-1.47821579973802
87.36	-1.57079632087608	-1.47829335350747
87.472	-1.57079632114337	-1.47837085666187
87.584	-1.5707963213989	-1.47844831014451
87.696	-1.57079632164318	-1.47852571489327
87.808	-1.5707963218767	-1.47860307184055
87.92	-1.5707963220999	-1.47868038191332
88.032	-1.57079632231323	-1.47875764603315
88.144	-1.57079632251712	-1.47883486511618
88.256	-1.57079632271197	-1.47891204007319
88.368	-1.57079632289818	-1.47898917180957
88.48	-1.57079632307611	-1.47906626122537
88.592	-1.57079632324612	-1.47914330921527
88.704	-1.57079632340856	-1.47922031666865
88.816	-1.57079632356375	-1.47929728446957
88.928	-1.57079632371201	-1.47937421349678
89.04	-1.57079632385364	-1.47945110462377
89.152	-1.57079632398892	-1.47952795871873
89.264	-1.57079632411814	-1.47960477664461
89.376	-1.57079632424156	-1.47968155925913
89.488	-1.57079632435943	-1.47975830741476
89.6	-1.57079632447199	-1.47983502195877
89.712	-1.57079632457948	-1.47991170373323
89.824	-1.57079632468211	-1.47998835357502
89.936	-1.57079632478011	-1.48006497231584
90.048	-1.57079632487368	-1.48014156078225
90.16	-1.57079632496301	-1.48021811979564
90.272	-1.57079632504828	-1.48029465017229
90.384	-1.57079632512969	-1.48037115272334
90.496	-1.57079632520739	-1.48044762825484
90.608	-1.57079632528155	-1.48052407756773
90.72	-1.57079632535233	-1.48060050145788
90.832	-1.57079632541988	-1.4806769007161
90.944	-1.57079632548435	-1.48075327612811
91.056	-1.57079632554586	-1.48082962847463
91.168	-1.57079632560456	-1.48090595853132
91.28	-1.57079632566056	-1.48098226706884
91.392	-1.57079632571399	-1.48105855485282
91.504	-1.57079632576497	-1.48113482264392
91.616	-1.57079632581359	-1.48121107119782
91.728	-1.57079632585998	-1.48128730126521
91.84	-1.57079632590422	-1.48136351359183
91.952	-1.57079632594642	-1.4814397089185
92.064	-1.57079632598667	-1.48151588798105
92.176	-1.57079632602505	-1.48159205151046
92.288	-1.57079632606165	-1.48166820023274
92.4	-1.57079632609655	-1.48174433486903
92.512	-1.57079632612983	-1.48182045613558
92.624	-1.57079632616156	-1.48189656474376
92.736	-1.57079632619181	-1.48197266140009
92.848	-1.57079632622065	-1.48204874680622
92.96	-1.57079632624814	-1.48212482165896
93.072	-1.57079632627435	-1.4822008866503
93.184	-1.57079632629933	-1.48227694246742
93.296	-1.57079632632313	-1.48235298979267
93.408	-1.57079632634582	-1.48242902930361
93.52	-1.57079632636744	-1.48250506167303
93.632	-1.57079632638805	-1.48258108756893
93.744	-1.57079632640768	-1.48265710765456
93.856	-1.57079632642639	-1.4827331225884
93.968	-1.57079632644421	-1.4828091330242
94.08	-1.57079632646119	-1.48288513961099
94.192	-1.57079632647737	-1.48296114299306
94.304	-1.57079632649278	-1.48303714380999
94.416	-1.57079632650746	-1.48311314269669
94.528	-1.57079632652144	-1.48318914028335
94.64	-1.57079632653475	-1.48326513719549
94.752	-1.57079632654744	-1.48334113405399
94.864	-1.57079632655951	-1.48341713147503
94.976	-1.57079632657101	-1.48349313007019
95.088	-1.57079632658196	-1.48356913044637
95.2	-1.57079632659239	-1.48364513320587
95.312	-1.57079632660232	-1.48372113894638
95.424	-1.57079632661177	-1.48379714826098
95.536	-1.57079632662077	-1.48387316173814
95.648	-1.57079632662933	-1.48394917996177
95.76	-1.57079632663748	-1.48402520351119
95.872	-1.57079632664524	-1.48410123296116
95.984	-1.57079632665263	-1.4841772688819
96.096	-1.57079632665966	-1.48425331183906
96.208	-1.57079632666634	-1.48432936239379
96.32	-1.57079632667271	-1.48440542110269
96.432	-1.57079632667877	-1.48448148851785
96.544	-1.57079632668453	-1.48455756518687
96.656	-1.57079632669001	-1.48463365165285
96.768	-1.57079632669523	-1.4847097484544
96.88	-1.57079632670019	-1.48478585612568
96.992	-1.57079632670491	-1.48486197519635
97.104	-1.5707963267094	-1.48493810619166
97.216	-1.57079632671367	-1.48501424963237
97.328	-1.57079632671773	-1.48509040603485
97.44	-1.57079632672159	-1.48516657591101
97.552	-1.57079632672526	-1.48524275976838
97.664	-1.57079632672876	-1.48531895811005
97.776	-1.57079632673208	-1.48539517143475
97.888	-1.57079632673524	-1.48547140023679
98	-1.57079632673824	-1.48554764500615
98.112	-1.57079632674109	-1.4856239062284
98.224	-1.57079632674381	-1.48570018438478
98.336	-1.57079632674638	-1.48577647995217
98.448	-1.57079632674884	-1.48585279340314
98.56	-1.57079632675117	-1.48592912520591
98.672	-1.57079632675338	-1.48600547582439
98.784	-1.57079632675549	-1.48608184571817
98.896	-1.57079632675749	-1.48615823534258
99.008	-1.57079632675939	-1.48623464514862
99.12	-1.57079632676119	-1.48631107558304
99.232	-1.57079632676291	-1.48638752708832
99.344	-1.57079632676454	-1.48646400010266
99.456	-1.57079632676609	-1.48654049506003
99.568	-1.57079632676756	-1.48661701239017
99.68	-1.57079632676896	-1.48669355251857
99.792	-1.57079632677028	-1.4867701158665
99.904	-1.57079632677155	-1.48684670285104
100.016	-1.57079632677274	-1.48692331388506
100.128	-1.57079632677388	-1.48699994937722
100.24	-1.57079632677496	-1.48707660973204
100.352	-1.57079632677599	-1.48715329534983
100.464	-1.57079632677696	-1.48723000662675
100.576	-1.57079632677789	-1.48730674395483
100.688	-1.57079632677876	-1.48738350772191
100.8	-1.5707963267796	-1.48746029831176
100.912	-1.57079632678039	-1.48753711610396
101.024	-1.57079632678114	-1.48761396147404
101.136	-1.57079632678185	-1.48769083479337
101.248	-1.57079632678253	-1.48776773642927
101.36	-1.57079632678317	-1.48784466674496
101.472	-1.57079632678378	-1.48792162609957
101.584	-1.57079632678436	-1.48799861484818
101.696	-1.57079632678491	-1.48807563334183
101.808	-1.57079632678543	-1.48815268192748
101.92	-1.57079632678592	-1.48822976094808
102.032	-1.57079632678639	-1.48830687074256
102.144	-1.57079632678684	-1.4883840116458
102.256	-1.57079632678726	-1.48846118398871
102.368	-1.57079632678766	-1.48853838809818
102.48	-1.57079632678804	-1.48861562429713
102.592	-1.5707963267884	-1.4886928929045
102.704	-1.57079632678874	-1.48877019423524
102.816	-1.57079632678906	-1.48884752860038
102.928	-1.57079632678937	-1.48892489630697
103.04	-1.57079632678966	-1.48900229765816
103.152	-1.57079632678994	-1.48907973295312
103.264	-1.5707963267902	-1.48915720248715
103.376	-1.57079632679045	-1.48923470655163
103.488	-1.57079632679068	-1.48931224543402
103.6	-1.57079632679091	-1.48938981941792
103.712	-1.57079632679112	-1.48946742878304
103.824	-1.57079632679132	-1.48954507380523
103.936	-1.57079632679151	-1.48962275475647
104.048	-1.57079632679169	-1.4897004719049
104.16	-1.57079632679186	-1.48977822551482
104.272	-1.57079632679202	-1.4898560158467
104.384	-1.57079632679218	-1.48993384315721
104.496	-1.57079632679232	-1.49001170769919
104.608	-1.57079632679246	-1.4900896097217
104.72	-1.57079632679259	-1.49016754946999
104.832	-1.57079632679271	-1.49024552718556
104.944	-1.57079632679283	-1.49032354310613
105.056	-1.57079632679294	-1.49040159746566
105.168	-1.57079632679305	-1.49047969049437
105.28	-1.57079632679315	-1.49055782241875
105.392	-1.57079632679324	-1.49063599346155
105.504	-1.57079632679333	-1.49071420384181
105.616	-1.57079632679341	-1.49079245377488
105.728	-1.57079632679349	-1.49087074347239
105.84	-1.57079632679357	-1.4909490731423
105.952	-1.57079632679364	-1.49102744298889
106.064	-1.57079632679371	-1.49110585321279
106.176	-1.57079632679377	-1.49118430401096
106.288	-1.57079632679383	-1.49126279557673
106.4	-1.57079632679389	-1.49134132809979
106.512	-1.57079632679395	-1.49141990176621
106.624	-1.570796326794	-1.49149851675844
106.736	-1.57079632679405	-1.49157717325536
106.848	-1.57079632679409	-1.49165587143222
106.96	-1.57079632679414	-1.49173461146072
107.072	-1.57079632679418	-1.49181339350897
107.184	-1.57079632679422	-1.49189221774155
107.296	-1.57079632679426	-1.49197108431946
107.408	-1.57079632679429	-1.49204999340018
107.52	-1.57079632679432	-1.49212894513767
107.632	-1.57079632679436	-1.49220793968237
107.744	-1.57079632679439	-1.4922869771812
107.856	-1.57079632679441	-1.49236605777761
107.968	-1.57079632679444	-1.49244518161155
108.08	-1.57079632679446	-1.49252434881951
108.192	-1.57079632679449	-1.49260355953451
108.304	-1.57079632679451	-1.49268281388612
108.416	-1.57079632679453	-1.49276211200049
108.528	-1.57079632679455	-1.4928414540003
108.64	-1.57079632679457	-1.49292084000486
108.752	-1.57079632679459	-1.49300027013005
108.864	-1.57079632679461	-1.49307974448835
108.976	-1.57079632679462	-1.49315926318887
109.088	-1.57079632679464	-1.49323882633733
109.2	-1.57079632679465	-1.49331843403611
109.312	-1.57079632679467	-1.49339808638422
109.424	-1.57079632679468	-1.49347778347734
109.536	-1.57079632679469	-1.49355752540782
109.648	-1.5707963267947	-1.49363731226469
109.76	-1.57079632679471	-1.49371714413369
109.872	-1.57079632679472	-1.49379702109723
109.984	-1.57079632679473	-1.49387694323448
110.096	-1.57079632679474	-1.4939569106213
110.208	-1.57079632679475	-1.49403692333032
110.32	-1.57079632679476	-1.49411698143089
110.432	-1.57079632679477	-1.49419708498916
110.544	-1.57079632679477	-1.49427723406802
110.656	-1.57079632679478	-1.49435742872716
110.768	-1.57079632679479	-1.49443766902306
110.88	-1.57079632679479	-1.49451795500903
110.992	-1.5707963267948	-1.49459828673516
111.104	-1.57079632679481	-1.49467866424841
111.216	-1.57079632679481	-1.49475908759257
111.328	-1.57079632679482	-1.49483955680826
111.44	-1.57079632679482	-1.49492007193301
111.552	-1.57079632679482	-1.49500063300119
111.664	-1.57079632679483	-1.49508124004408
111.776	-1.57079632679483	-1.49516189308986
111.888	-1.57079632679484	-1.49524259216361
112	-1.57079632679484	-1.49532333728736
112.112	-1.57079632679484	-1.49540412848004
112.224	-1.57079632679485	-1.49548496575756
112.336	-1.57079632679485	-1.49556584913278
112.448	-1.57079632679485	-1.49564677861552
112.56	-1.57079632679485	-1.49572775421261
112.672	-1.57079632679486	-1.49580877592786
112.784	-1.57079632679486	-1.49588984376208
112.896	-1.57079632679486	-1.49597095771311
113.008	-1.57079632679486	-1.49605211777583
113.12	-1.57079632679486	-1.49613332394215
113.232	-1.57079632679487	-1.49621457620104
113.344	-1.57079632679487	-1.49629587453854
113.456	-1.57079632679487	-1.49637721893777
113.568	-1.57079632679487	-1.49645860937894
113.68	-1.57079632679487	-1.49654004583937
113.792	-1.57079632679487	-1.49662152829348
113.904	-1.57079632679488	-1.49670305671285
114.016	-1.57079632679488	-1.49678463106617
114.128	-1.57079632679488	-1.49686625131931
114.24	-1.57079632679488	-1.49694791743527
114.352	-1.57079632679488	-1.49702962937426
114.464	-1.57079632679488	-1.49711138709367
114.576	-1.57079632679488	-1.49719319054809
114.688	-1.57079632679488	-1.49727503968933
114.8	-1.57079632679488	-1.49735693446642
114.912	-1.57079632679488	-1.49743887482563
115.024	-1.57079632679489	-1.49752086071049
115.136	-1.57079632679489	-1.49760289206178
115.248	-1.57079632679489	-1.49768496881758
115.36	-1.57079632679489	-1.49776709091323
115.472	-1.57079632679489	-1.4978492582814
115.584	-1.57079632679489	-1.49793147085206
115.696	-1.57079632679489	-1.4980137285525
115.808	-1.57079632679489	-1.49809603130736
115.92	-1.57079632679489	-1.49817837903863
116.032	-1.57079632679489	-1.49826077166567
116.144	-1.57079632679489	-1.4983432091052
116.256	-1.57079632679489	-1.49842569127135
116.368	-1.57079632679489	-1.49850821807563
116.48	-1.57079632679489	-1.49859078942699
116.592	-1.57079632679489	-1.49867340523179
116.704	-1.57079632679489	-1.49875606539384
116.816	-1.57079632679489	-1.4988387698144
116.928	-1.57079632679489	-1.49892151839218
117.04	-1.57079632679489	-1.4990043110234
117.152	-1.57079632679489	-1.49908714760175
117.264	-1.57079632679489	-1.49917002801843
117.376	-1.57079632679489	-1.49925295216215
117.488	-1.57079632679489	-1.49933591991915
117.6	-1.57079632679489	-1.49941893117324
117.712	-1.57079632679489	-1.49950198580574
117.824	-1.57079632679489	-1.49958508369557
117.936	-1.57079632679489	-1.49966822471922
118.048	-1.57079632679489	-1.49975140875078
118.16	-1.57079632679489	-1.49983463566193
118.272	-1.57079632679489	-1.499917905322
118.384	-1.57079632679489	-1.50000121759793
118.496	-1.57079632679489	-1.5000845723543
118.608	-1.5707963267949	-1.50016796945337
118.72	-1.5707963267949	-1.50025140875506
118.832	-1.5707963267949	-1.50033489011696
118.944	-1.5707963267949	-1.50041841339439
119.056	-1.5707963267949	-1.50050197844036
119.168	-1.5707963267949	-1.50058558510559
119.28	-1.5707963267949	-1.50066923323857
119.392	-1.5707963267949	-1.50075292268551
119.504	-1.5707963267949	-1.50083665329039
119.616	-1.5707963267949	-1.50092042489498
119.728	-1.5707963267949	-1.50100423733882
119.84	-1.5707963267949	-1.50108809045927
119.952	-1.5707963267949	-1.50117198409147
120.064	-1.5707963267949	-1.50125591806843
120.176	-1.5707963267949	-1.50133989222098
120.288	-1.5707963267949	-1.50142390637779
120.4	-1.5707963267949	-1.50150796036543
120.512	-1.5707963267949	-1.50159205400832
120.624	-1.5707963267949	-1.5016761871288
120.736	-1.5707963267949	-1.50176035954707
120.848	-1.5707963267949	-1.50184457108131
120.96	-1.5707963267949	-1.50192882154759
121.072	-1.5707963267949	-1.50201311075994
121.184	-1.5707963267949	-1.50209743853035
121.296	-1.5707963267949	-1.50218180466876
121.408	-1.5707963267949	-1.50226620898314
121.52	-1.5707963267949	-1.50235065127941
121.632	-1.5707963267949	-1.50243513136152
121.744	-1.5707963267949	-1.50251964903147
121.856	-1.5707963267949	-1.50260420408925
121.968	-1.5707963267949	-1.50268879633293
122.08	-1.5707963267949	-1.50277342555864
122.192	-1.5707963267949	-1.50285809156059
122.304	-1.5707963267949	-1.50294279413106
122.416	-1.5707963267949	-1.50302753306046
122.528	-1.5707963267949	-1.5031123081373
122.64	-1.5707963267949	-1.50319711914822
122.752	-1.5707963267949	-1.50328196587801
122.864	-1.5707963267949	-1.50336684810961
122.976	-1.5707963267949	-1.50345176562414
123.088	-1.5707963267949	-1.50353671820087
123.2	-1.5707963267949	-1.5036217056173
123.312	-1.5707963267949	-1.50370672764914
123.424	-1.5707963267949	-1.50379178407028
123.536	-1.5707963267949	-1.50387687465289
123.648	-1.5707963267949	-1.50396199916737
123.76	-1.5707963267949	-1.50404715738237
123.872	-1.5707963267949	-1.50413234906483
123.984	-1.5707963267949	-1.50421757397997
124.096	-1.5707963267949	-1.50430283189131
124.208	-1.5707963267949	-1.5043881225607
124.32	-1.5707963267949	-1.50447344574828
124.432	-1.5707963267949	-1.50455880121256
124.544	-1.5707963267949	-1.50464418871039
124.656	-1.5707963267949	-1.504729607997
124.768	-1.5707963267949	-1.50481505882598
124.88	-1.5707963267949	-1.50490054094932
124.992	-1.5707963267949	-1.50498605411742
125.104	-1.5707963267949	-1.50507159807909
125.216	-1.5707963267949	-1.50515717258156
125.328	-1.5707963267949	-1.50524277737054
125.44	-1.5707963267949	-1.50532841219016
125.552	-1.5707963267949	-1.50541407678305
125.664	-1.5707963267949	-1.50549977089029
125.776	-1.5707963267949	-1.50558549425148
125.888	-1.5707963267949	-1.50567124660473
126	-1.5707963267949	-1.50575702768666
126.112	-1.5707963267949	-1.50584283723244
126.224	-1.5707963267949	-1.50592867497577
126.336	-1.5707963267949	-1.50601454064892
126.448	-1.5707963267949	-1.50610043398273
126.56	-1.5707963267949	-1.50618635470664
126.672	-1.5707963267949	-1.50627230254867
126.784	-1.5707963267949	-1.50635827723548
126.896	-1.5707963267949	-1.50644427849232
127.008	-1.5707963267949	-1.50653030604311
127.12	-1.5707963267949	-1.5066163596104
127.232	-1.5707963267949	-1.50670243891541
127.344	-1.5707963267949	-1.50678854367805
127.456	-1.5707963267949	-1.5068746736169
127.568	-1.5707963267949	-1.50696082844926
127.68	-1.5707963267949	-1.50704700789113
127.792	-1.5707963267949	-1.50713321165725
127.904	-1.5707963267949	-1.50721943946109
128.016	-1.5707963267949	-1.50730569101489
128.128	-1.5707963267949	-1.50739196602963
128.24	-1.5707963267949	-1.5074782642151
128.352	-1.5707963267949	-1.50756458527985
128.464	-1.5707963267949	-1.50765092893127
128.576	-1.5707963267949	-1.50773729487554
128.688	-1.5707963267949	-1.50782368281767
128.8	-1.5707963267949	-1.50791009246153
128.912	-1.5707963267949	-1.50799652350983
129.024	-1.5707963267949	-1.50808297566415
129.136	-1.5707963267949	-1.50816944862495
129.248	-1.5707963267949	-1.50825594209159
129.36	-1.5707963267949	-1.50834245576232
129.472	-1.5707963267949	-1.50842898933433
129.584	-1.5707963267949	-1.50851554250372
129.696	-1.5707963267949	-1.50860211496554
129.808	-1.5707963267949	-1.50868870641378
129.92	-1.5707963267949	-1.50877531654143
130.032	-1.5707963267949	-1.50886194504043
130.144	-1.5707963267949	-1.50894859160172
130.256	-1.5707963267949	-1.50903525591525
130.368	-1.5707963267949	-1.50912193766998
130.48	-1.5707963267949	-1.50920863655391
130.592	-1.5707963267949	-1.50929535225406
130.704	-1.5707963267949	-1.50938208445652
130.816	-1.5707963267949	-1.50946883284644
130.928	-1.5707963267949	-1.50955559710805
131.04	-1.5707963267949	-1.50964237692467
131.152	-1.5707963267949	-1.50972917197872
131.264	-1.5707963267949	-1.50981598195173
131.376	-1.5707963267949	-1.50990280652437
131.488	-1.5707963267949	-1.50998964537643
131.6	-1.5707963267949	-1.51007649818686
131.712	-1.5707963267949	-1.51016336463377
131.824	-1.5707963267949	-1.51025024439446
131.936	-1.5707963267949	-1.51033713714538
132.048	-1.5707963267949	-1.51042404256221
132.16	-1.5707963267949	-1.51051096031983
132.272	-1.5707963267949	-1.51059789009234
132.384	-1.5707963267949	-1.51068483155307
132.496	-1.5707963267949	-1.51077178437461
132.608	-1.5707963267949	-1.5108587482288
132.72	-1.5707963267949	-1.51094572278673
132.832	-1.5707963267949	-1.5110327077188
132.944	-1.5707963267949	-1.51111970269469
133.056	-1.5707963267949	-1.51120670738338
133.168	-1.5707963267949	-1.51129372145317
133.28	-1.5707963267949	-1.51138074457169
133.392	-1.5707963267949	-1.51146777640589
133.504	-1.5707963267949	-1.51155481662211
133.616	-1.5707963267949	-1.51164186488601
133.728	-1.5707963267949	-1.51172892086265
133.84	-1.5707963267949	-1.51181598421647
133.952	-1.5707963267949	-1.51190305461129
134.064	-1.5707963267949	-1.51199013171035
134.176	-1.5707963267949	-1.51207721517632
134.288	-1.5707963267949	-1.51216430467128
134.4	-1.5707963267949	-1.51225139985676
